#    pairs         param         potential_type   other_params
     1       8             0   LJ12GAUSSIANTANH     0.266000  0.466000  0.050000  
     1      10             1   LJ12GAUSSIANTANH     0.266000  0.466000  0.050000  
     1      12             2   LJ12GAUSSIANTANH     0.266000  0.466000  0.050000  
     1      13             3   LJ12GAUSSIANTANH     0.266000  0.466000  0.050000  
     1      15             4   LJ12GAUSSIANTANH     0.266000  0.466000  0.050000  
     1      17             5   LJ12GAUSSIANTANH     0.266000  0.466000  0.050000  
     1      19             6   LJ12GAUSSIANTANH     0.266000  0.466000  0.050000  
     1      21             7   LJ12GAUSSIANTANH     0.266000  0.466000  0.050000  
     1      23             8   LJ12GAUSSIANTANH     0.266000  0.466000  0.050000  
     1      25             9   LJ12GAUSSIANTANH     0.266000  0.466000  0.050000  
     1      27            10   LJ12GAUSSIANTANH     0.266000  0.466000  0.050000  
     1      29            11   LJ12GAUSSIANTANH     0.266000  0.466000  0.050000  
     1      30            12   LJ12GAUSSIANTANH     0.266000  0.466000  0.050000  
     1      32            13   LJ12GAUSSIANTANH     0.266000  0.466000  0.050000  
     1      34            14   LJ12GAUSSIANTANH     0.266000  0.466000  0.050000  
     1      36            15   LJ12GAUSSIANTANH     0.266000  0.466000  0.050000  
     1      38            16   LJ12GAUSSIANTANH     0.266000  0.466000  0.050000  
     1      40            17   LJ12GAUSSIANTANH     0.266000  0.466000  0.050000  
     1      42            18   LJ12GAUSSIANTANH     0.266000  0.466000  0.050000  
     1      44            19   LJ12GAUSSIANTANH     0.266000  0.466000  0.050000  
     1      46            20   LJ12GAUSSIANTANH     0.266000  0.466000  0.050000  
     1      48            21   LJ12GAUSSIANTANH     0.266000  0.466000  0.050000  
     1      50            22   LJ12GAUSSIANTANH     0.266000  0.466000  0.050000  
     1      52            23   LJ12GAUSSIANTANH     0.266000  0.466000  0.050000  
     1      54            24   LJ12GAUSSIANTANH     0.266000  0.466000  0.050000  
     1      56            25   LJ12GAUSSIANTANH     0.266000  0.466000  0.050000  
     1      58            26   LJ12GAUSSIANTANH     0.266000  0.466000  0.050000  
     1      60            27   LJ12GAUSSIANTANH     0.266000  0.466000  0.050000  
     1      62            28   LJ12GAUSSIANTANH     0.266000  0.466000  0.050000  
     1      64            29   LJ12GAUSSIANTANH     0.266000  0.466000  0.050000  
     1      66            30       LJ12GAUSSIAN     0.266000  0.523056  0.050000  
     2      10            31   LJ12GAUSSIANTANH     0.266000  0.466000  0.050000  
     2      12            32   LJ12GAUSSIANTANH     0.266000  0.466000  0.050000  
     2      13            33   LJ12GAUSSIANTANH     0.266000  0.466000  0.050000  
     2      15            34   LJ12GAUSSIANTANH     0.266000  0.466000  0.050000  
     2      17            35   LJ12GAUSSIANTANH     0.266000  0.466000  0.050000  
     2      19            36   LJ12GAUSSIANTANH     0.266000  0.466000  0.050000  
     2      21            37   LJ12GAUSSIANTANH     0.266000  0.466000  0.050000  
     2      23            38   LJ12GAUSSIANTANH     0.266000  0.466000  0.050000  
     2      25            39   LJ12GAUSSIANTANH     0.266000  0.466000  0.050000  
     2      27            40   LJ12GAUSSIANTANH     0.266000  0.466000  0.050000  
     2      29            41   LJ12GAUSSIANTANH     0.266000  0.466000  0.050000  
     2      30            42   LJ12GAUSSIANTANH     0.266000  0.466000  0.050000  
     2      32            43   LJ12GAUSSIANTANH     0.266000  0.466000  0.050000  
     2      34            44   LJ12GAUSSIANTANH     0.266000  0.466000  0.050000  
     2      36            45   LJ12GAUSSIANTANH     0.266000  0.466000  0.050000  
     2      38            46   LJ12GAUSSIANTANH     0.266000  0.466000  0.050000  
     2      40            47   LJ12GAUSSIANTANH     0.266000  0.466000  0.050000  
     2      42            48   LJ12GAUSSIANTANH     0.266000  0.466000  0.050000  
     2      44            49   LJ12GAUSSIANTANH     0.266000  0.466000  0.050000  
     2      46            50   LJ12GAUSSIANTANH     0.266000  0.466000  0.050000  
     2      48            51   LJ12GAUSSIANTANH     0.266000  0.466000  0.050000  
     2      50            52   LJ12GAUSSIANTANH     0.266000  0.466000  0.050000  
     2      52            53   LJ12GAUSSIANTANH     0.266000  0.466000  0.050000  
     2      54            54   LJ12GAUSSIANTANH     0.266000  0.466000  0.050000  
     2      56            55   LJ12GAUSSIANTANH     0.266000  0.466000  0.050000  
     2      58            56   LJ12GAUSSIANTANH     0.266000  0.466000  0.050000  
     2      60            57   LJ12GAUSSIANTANH     0.266000  0.466000  0.050000  
     2      62            58   LJ12GAUSSIANTANH     0.266000  0.466000  0.050000  
     2      64            59   LJ12GAUSSIANTANH     0.266000  0.466000  0.050000  
     2      66            60   LJ12GAUSSIANTANH     0.266000  0.466000  0.050000  
     3       7            61   LJ12GAUSSIANTANH     0.337622  0.537622  0.050000  
     3       9            62   LJ12GAUSSIANTANH     0.304865  0.504865  0.050000  
     3      11            63   LJ12GAUSSIANTANH     0.304865  0.504865  0.050000  
     3      14            64   LJ12GAUSSIANTANH     0.375090  0.575090  0.050000  
     3      16            65   LJ12GAUSSIANTANH     0.320269  0.520269  0.050000  
     3      18            66   LJ12GAUSSIANTANH     0.341168  0.541168  0.050000  
     3      20            67   LJ12GAUSSIANTANH     0.354942  0.554942  0.050000  
     3      22            68   LJ12GAUSSIANTANH     0.339673  0.539673  0.050000  
     3      24            69   LJ12GAUSSIANTANH     0.271054  0.471054  0.050000  
     3      26            70   LJ12GAUSSIANTANH     0.354942  0.554942  0.050000  
     3      28            71   LJ12GAUSSIANTANH     0.298949  0.498949  0.050000  
     3      31            72   LJ12GAUSSIANTANH     0.354942  0.554942  0.050000  
     3      33            73   LJ12GAUSSIANTANH     0.318899  0.518899  0.050000  
     3      35            74   LJ12GAUSSIANTANH     0.357353  0.557353  0.050000  
     3      37            75   LJ12GAUSSIANTANH     0.357353  0.557353  0.050000  
     3      39            76   LJ12GAUSSIANTANH     0.355338  0.555338  0.050000  
     3      41            77   LJ12GAUSSIANTANH     0.308953  0.508953  0.050000  
     3      43            78   LJ12GAUSSIANTANH     0.334016  0.534016  0.050000  
     3      45            79   LJ12GAUSSIANTANH     0.337822  0.537822  0.050000  
     3      47            80   LJ12GAUSSIANTANH     0.301861  0.501861  0.050000  
     3      49            81   LJ12GAUSSIANTANH     0.308953  0.508953  0.050000  
     3      51            82   LJ12GAUSSIANTANH     0.264665  0.464665  0.050000  
     3      53            83   LJ12GAUSSIANTANH     0.271054  0.471054  0.050000  
     3      55            84   LJ12GAUSSIANTANH     0.326906  0.526906  0.050000  
     3      57            85   LJ12GAUSSIANTANH     0.355338  0.555338  0.050000  
     3      59            86   LJ12GAUSSIANTANH     0.320269  0.520269  0.050000  
     3      61            87   LJ12GAUSSIANTANH     0.354942  0.554942  0.050000  
     3      63            88   LJ12GAUSSIANTANH     0.304865  0.504865  0.050000  
     3      65            89   LJ12GAUSSIANTANH     0.271054  0.471054  0.050000  
     4      12            90   LJ12GAUSSIANTANH     0.266000  0.466000  0.050000  
     4      13            91   LJ12GAUSSIANTANH     0.266000  0.466000  0.050000  
     4      15            92   LJ12GAUSSIANTANH     0.266000  0.466000  0.050000  
     4      17            93   LJ12GAUSSIANTANH     0.266000  0.466000  0.050000  
     4      19            94   LJ12GAUSSIANTANH     0.266000  0.466000  0.050000  
     4      21            95   LJ12GAUSSIANTANH     0.266000  0.466000  0.050000  
     4      23            96   LJ12GAUSSIANTANH     0.266000  0.466000  0.050000  
     4      25            97   LJ12GAUSSIANTANH     0.266000  0.466000  0.050000  
     4      27            98   LJ12GAUSSIANTANH     0.266000  0.466000  0.050000  
     4      29            99   LJ12GAUSSIANTANH     0.266000  0.466000  0.050000  
     4      30           100   LJ12GAUSSIANTANH     0.266000  0.466000  0.050000  
     4      32           101   LJ12GAUSSIANTANH     0.266000  0.466000  0.050000  
     4      34           102   LJ12GAUSSIANTANH     0.266000  0.466000  0.050000  
     4      36           103   LJ12GAUSSIANTANH     0.266000  0.466000  0.050000  
     4      38           104   LJ12GAUSSIANTANH     0.266000  0.466000  0.050000  
     4      40           105   LJ12GAUSSIANTANH     0.266000  0.466000  0.050000  
     4      42           106   LJ12GAUSSIANTANH     0.266000  0.466000  0.050000  
     4      44           107   LJ12GAUSSIANTANH     0.266000  0.466000  0.050000  
     4      46           108   LJ12GAUSSIANTANH     0.266000  0.466000  0.050000  
     4      48           109   LJ12GAUSSIANTANH     0.266000  0.466000  0.050000  
     4      50           110   LJ12GAUSSIANTANH     0.266000  0.466000  0.050000  
     4      52           111   LJ12GAUSSIANTANH     0.266000  0.466000  0.050000  
     4      54           112   LJ12GAUSSIANTANH     0.266000  0.466000  0.050000  
     4      56           113   LJ12GAUSSIANTANH     0.266000  0.466000  0.050000  
     4      58           114   LJ12GAUSSIANTANH     0.266000  0.466000  0.050000  
     4      60           115   LJ12GAUSSIANTANH     0.266000  0.466000  0.050000  
     4      62           116       LJ12GAUSSIAN     0.266000  0.960696  0.050000  
     4      64           117   LJ12GAUSSIANTANH     0.266000  0.466000  0.050000  
     4      66           118       LJ12GAUSSIAN     0.266000  0.577043  0.050000  
     5       9           119   LJ12GAUSSIANTANH     0.374979  0.574979  0.050000  
     5      11           120   LJ12GAUSSIANTANH     0.374979  0.574979  0.050000  
     5      14           121   LJ12GAUSSIANTANH     0.445204  0.645204  0.050000  
     5      16           122   LJ12GAUSSIANTANH     0.390383  0.590383  0.050000  
     5      18           123   LJ12GAUSSIANTANH     0.411282  0.611282  0.050000  
     5      20           124   LJ12GAUSSIANTANH     0.425056  0.625056  0.050000  
     5      22           125   LJ12GAUSSIANTANH     0.409787  0.609787  0.050000  
     5      24           126   LJ12GAUSSIANTANH     0.341168  0.541168  0.050000  
     5      26           127   LJ12GAUSSIANTANH     0.425056  0.625056  0.050000  
     5      28           128   LJ12GAUSSIANTANH     0.369063  0.569063  0.050000  
     5      31           129   LJ12GAUSSIANTANH     0.425056  0.625056  0.050000  
     5      33           130   LJ12GAUSSIANTANH     0.389013  0.589013  0.050000  
     5      35           131   LJ12GAUSSIANTANH     0.427467  0.627467  0.050000  
     5      37           132   LJ12GAUSSIANTANH     0.427467  0.627467  0.050000  
     5      39           133   LJ12GAUSSIANTANH     0.425452  0.625452  0.050000  
     5      41           134   LJ12GAUSSIANTANH     0.379068  0.579068  0.050000  
     5      43           135   LJ12GAUSSIANTANH     0.404130  0.604130  0.050000  
     5      45           136   LJ12GAUSSIANTANH     0.407936  0.607936  0.050000  
     5      47           137   LJ12GAUSSIANTANH     0.371975  0.571975  0.050000  
     5      49           138   LJ12GAUSSIANTANH     0.379068  0.579068  0.050000  
     5      51           139   LJ12GAUSSIANTANH     0.334779  0.534779  0.050000  
     5      53           140   LJ12GAUSSIANTANH     0.341168  0.541168  0.050000  
     5      55           141   LJ12GAUSSIANTANH     0.397020  0.597020  0.050000  
     5      57           142   LJ12GAUSSIANTANH     0.425452  0.625452  0.050000  
     5      59           143   LJ12GAUSSIANTANH     0.390383  0.590383  0.050000  
     5      61           144   LJ12GAUSSIANTANH     0.425056  0.625056  0.050000  
     5      63           145   LJ12GAUSSIANTANH     0.374979  0.574979  0.050000  
     5      65           146   LJ12GAUSSIANTANH     0.341168  0.541168  0.050000  
     6      13           147   LJ12GAUSSIANTANH     0.266000  0.466000  0.050000  
     6      15           148   LJ12GAUSSIANTANH     0.266000  0.466000  0.050000  
     6      17           149   LJ12GAUSSIANTANH     0.266000  0.466000  0.050000  
     6      19           150   LJ12GAUSSIANTANH     0.266000  0.466000  0.050000  
     6      21           151   LJ12GAUSSIANTANH     0.266000  0.466000  0.050000  
     6      23           152   LJ12GAUSSIANTANH     0.266000  0.466000  0.050000  
     6      25           153   LJ12GAUSSIANTANH     0.266000  0.466000  0.050000  
     6      27           154   LJ12GAUSSIANTANH     0.266000  0.466000  0.050000  
     6      29           155   LJ12GAUSSIANTANH     0.266000  0.466000  0.050000  
     6      30           156   LJ12GAUSSIANTANH     0.266000  0.466000  0.050000  
     6      32           157   LJ12GAUSSIANTANH     0.266000  0.466000  0.050000  
     6      34           158   LJ12GAUSSIANTANH     0.266000  0.466000  0.050000  
     6      36           159   LJ12GAUSSIANTANH     0.266000  0.466000  0.050000  
     6      38           160   LJ12GAUSSIANTANH     0.266000  0.466000  0.050000  
     6      40           161   LJ12GAUSSIANTANH     0.266000  0.466000  0.050000  
     6      42           162   LJ12GAUSSIANTANH     0.266000  0.466000  0.050000  
     6      44           163   LJ12GAUSSIANTANH     0.266000  0.466000  0.050000  
     6      46           164   LJ12GAUSSIANTANH     0.266000  0.466000  0.050000  
     6      48           165   LJ12GAUSSIANTANH     0.266000  0.466000  0.050000  
     6      50           166   LJ12GAUSSIANTANH     0.266000  0.466000  0.050000  
     6      52           167   LJ12GAUSSIANTANH     0.266000  0.466000  0.050000  
     6      54           168   LJ12GAUSSIANTANH     0.266000  0.466000  0.050000  
     6      56           169   LJ12GAUSSIANTANH     0.266000  0.466000  0.050000  
     6      58           170   LJ12GAUSSIANTANH     0.266000  0.466000  0.050000  
     6      60           171   LJ12GAUSSIANTANH     0.266000  0.466000  0.050000  
     6      62           172       LJ12GAUSSIAN     0.266000  0.669874  0.050000  
     6      64           173   LJ12GAUSSIANTANH     0.266000  0.466000  0.050000  
     6      66           174       LJ12GAUSSIAN     0.266000  0.446466  0.050000  
     7      11           175   LJ12GAUSSIANTANH     0.371433  0.571433  0.050000  
     7      14           176       LJ12GAUSSIAN     0.441657  0.667822  0.050000  
     7      16           177   LJ12GAUSSIANTANH     0.386837  0.586837  0.050000  
     7      18           178       LJ12GAUSSIAN     0.407736  0.714514  0.050000  
     7      20           179   LJ12GAUSSIANTANH     0.421509  0.621509  0.050000  
     7      22           180   LJ12GAUSSIANTANH     0.406241  0.606241  0.050000  
     7      24           181   LJ12GAUSSIANTANH     0.337622  0.537622  0.050000  
     7      26           182   LJ12GAUSSIANTANH     0.421509  0.621509  0.050000  
     7      28           183   LJ12GAUSSIANTANH     0.365517  0.565517  0.050000  
     7      31           184   LJ12GAUSSIANTANH     0.421509  0.621509  0.050000  
     7      33           185   LJ12GAUSSIANTANH     0.385467  0.585467  0.050000  
     7      35           186   LJ12GAUSSIANTANH     0.423921  0.623921  0.050000  
     7      37           187       LJ12GAUSSIAN     0.423921  0.606093  0.050000  
     7      39           188   LJ12GAUSSIANTANH     0.421905  0.621905  0.050000  
     7      41           189   LJ12GAUSSIANTANH     0.375521  0.575521  0.050000  
     7      43           190   LJ12GAUSSIANTANH     0.400584  0.600584  0.050000  
     7      45           191   LJ12GAUSSIANTANH     0.404390  0.604390  0.050000  
     7      47           192   LJ12GAUSSIANTANH     0.368429  0.568429  0.050000  
     7      49           193   LJ12GAUSSIANTANH     0.375521  0.575521  0.050000  
     7      51           194   LJ12GAUSSIANTANH     0.331233  0.531233  0.050000  
     7      53           195   LJ12GAUSSIANTANH     0.337622  0.537622  0.050000  
     7      55           196   LJ12GAUSSIANTANH     0.393473  0.593473  0.050000  
     7      57           197   LJ12GAUSSIANTANH     0.421905  0.621905  0.050000  
     7      59           198   LJ12GAUSSIANTANH     0.386837  0.586837  0.050000  
     7      61           199       LJ12GAUSSIAN     0.421509  0.539998  0.050000  
     7      63           200       LJ12GAUSSIAN     0.371433  0.520100  0.050000  
     7      65           201   LJ12GAUSSIANTANH     0.337622  0.537622  0.050000  
     8      15           202   LJ12GAUSSIANTANH     0.266000  0.466000  0.050000  
     8      17           203   LJ12GAUSSIANTANH     0.266000  0.466000  0.050000  
     8      19           204   LJ12GAUSSIANTANH     0.266000  0.466000  0.050000  
     8      21           205   LJ12GAUSSIANTANH     0.266000  0.466000  0.050000  
     8      23           206   LJ12GAUSSIANTANH     0.266000  0.466000  0.050000  
     8      25           207   LJ12GAUSSIANTANH     0.266000  0.466000  0.050000  
     8      27           208   LJ12GAUSSIANTANH     0.266000  0.466000  0.050000  
     8      29           209   LJ12GAUSSIANTANH     0.266000  0.466000  0.050000  
     8      30           210   LJ12GAUSSIANTANH     0.266000  0.466000  0.050000  
     8      32           211   LJ12GAUSSIANTANH     0.266000  0.466000  0.050000  
     8      34           212   LJ12GAUSSIANTANH     0.266000  0.466000  0.050000  
     8      36           213   LJ12GAUSSIANTANH     0.266000  0.466000  0.050000  
     8      38           214   LJ12GAUSSIANTANH     0.266000  0.466000  0.050000  
     8      40           215   LJ12GAUSSIANTANH     0.266000  0.466000  0.050000  
     8      42           216   LJ12GAUSSIANTANH     0.266000  0.466000  0.050000  
     8      44           217   LJ12GAUSSIANTANH     0.266000  0.466000  0.050000  
     8      46           218   LJ12GAUSSIANTANH     0.266000  0.466000  0.050000  
     8      48           219   LJ12GAUSSIANTANH     0.266000  0.466000  0.050000  
     8      50           220   LJ12GAUSSIANTANH     0.266000  0.466000  0.050000  
     8      52           221   LJ12GAUSSIANTANH     0.266000  0.466000  0.050000  
     8      54           222   LJ12GAUSSIANTANH     0.266000  0.466000  0.050000  
     8      56           223   LJ12GAUSSIANTANH     0.266000  0.466000  0.050000  
     8      58           224   LJ12GAUSSIANTANH     0.266000  0.466000  0.050000  
     8      60           225   LJ12GAUSSIANTANH     0.266000  0.466000  0.050000  
     8      62           226   LJ12GAUSSIANTANH     0.266000  0.466000  0.050000  
     8      64           227   LJ12GAUSSIANTANH     0.266000  0.466000  0.050000  
     8      66           228   LJ12GAUSSIANTANH     0.266000  0.466000  0.050000  
     9      14           229   LJ12GAUSSIANTANH     0.408900  0.608900  0.050000  
     9      16           230   LJ12GAUSSIANTANH     0.354080  0.554080  0.050000  
     9      18           231   LJ12GAUSSIANTANH     0.374979  0.574979  0.050000  
     9      20           232   LJ12GAUSSIANTANH     0.388752  0.588752  0.050000  
     9      22           233   LJ12GAUSSIANTANH     0.373483  0.573483  0.050000  
     9      24           234   LJ12GAUSSIANTANH     0.304865  0.504865  0.050000  
     9      26           235   LJ12GAUSSIANTANH     0.388752  0.588752  0.050000  
     9      28           236   LJ12GAUSSIANTANH     0.332760  0.532760  0.050000  
     9      31           237   LJ12GAUSSIANTANH     0.388752  0.588752  0.050000  
     9      33           238   LJ12GAUSSIANTANH     0.352710  0.552710  0.050000  
     9      35           239   LJ12GAUSSIANTANH     0.391163  0.591163  0.050000  
     9      37           240   LJ12GAUSSIANTANH     0.391163  0.591163  0.050000  
     9      39           241   LJ12GAUSSIANTANH     0.389148  0.589148  0.050000  
     9      41           242   LJ12GAUSSIANTANH     0.342764  0.542764  0.050000  
     9      43           243   LJ12GAUSSIANTANH     0.367827  0.567827  0.050000  
     9      45           244   LJ12GAUSSIANTANH     0.371633  0.571633  0.050000  
     9      47           245   LJ12GAUSSIANTANH     0.335671  0.535671  0.050000  
     9      49           246   LJ12GAUSSIANTANH     0.342764  0.542764  0.050000  
     9      51           247   LJ12GAUSSIANTANH     0.298476  0.498476  0.050000  
     9      53           248   LJ12GAUSSIANTANH     0.304865  0.504865  0.050000  
     9      55           249   LJ12GAUSSIANTANH     0.360716  0.560716  0.050000  
     9      57           250   LJ12GAUSSIANTANH     0.389148  0.589148  0.050000  
     9      59           251   LJ12GAUSSIANTANH     0.354080  0.554080  0.050000  
     9      61           252       LJ12GAUSSIAN     0.388752  0.730828  0.050000  
     9      63           253       LJ12GAUSSIAN     0.338675  0.510273  0.050000  
     9      65           254   LJ12GAUSSIANTANH     0.304865  0.504865  0.050000  
    10      17           255   LJ12GAUSSIANTANH     0.266000  0.466000  0.050000  
    10      19           256   LJ12GAUSSIANTANH     0.266000  0.466000  0.050000  
    10      21           257   LJ12GAUSSIANTANH     0.266000  0.466000  0.050000  
    10      23           258   LJ12GAUSSIANTANH     0.266000  0.466000  0.050000  
    10      25           259   LJ12GAUSSIANTANH     0.266000  0.466000  0.050000  
    10      27           260   LJ12GAUSSIANTANH     0.266000  0.466000  0.050000  
    10      29           261   LJ12GAUSSIANTANH     0.266000  0.466000  0.050000  
    10      30           262   LJ12GAUSSIANTANH     0.266000  0.466000  0.050000  
    10      32           263   LJ12GAUSSIANTANH     0.266000  0.466000  0.050000  
    10      34           264   LJ12GAUSSIANTANH     0.266000  0.466000  0.050000  
    10      36           265   LJ12GAUSSIANTANH     0.266000  0.466000  0.050000  
    10      38           266   LJ12GAUSSIANTANH     0.266000  0.466000  0.050000  
    10      40           267   LJ12GAUSSIANTANH     0.266000  0.466000  0.050000  
    10      42           268   LJ12GAUSSIANTANH     0.266000  0.466000  0.050000  
    10      44           269   LJ12GAUSSIANTANH     0.266000  0.466000  0.050000  
    10      46           270   LJ12GAUSSIANTANH     0.266000  0.466000  0.050000  
    10      48           271   LJ12GAUSSIANTANH     0.266000  0.466000  0.050000  
    10      50           272   LJ12GAUSSIANTANH     0.266000  0.466000  0.050000  
    10      52           273   LJ12GAUSSIANTANH     0.266000  0.466000  0.050000  
    10      54           274   LJ12GAUSSIANTANH     0.266000  0.466000  0.050000  
    10      56           275   LJ12GAUSSIANTANH     0.266000  0.466000  0.050000  
    10      58           276   LJ12GAUSSIANTANH     0.266000  0.466000  0.050000  
    10      60           277   LJ12GAUSSIANTANH     0.266000  0.466000  0.050000  
    10      62           278   LJ12GAUSSIANTANH     0.266000  0.466000  0.050000  
    10      64           279   LJ12GAUSSIANTANH     0.266000  0.466000  0.050000  
    10      66           280   LJ12GAUSSIANTANH     0.266000  0.466000  0.050000  
    11      14           281   LJ12GAUSSIANTANH     0.408900  0.608900  0.050000  
    11      16           282   LJ12GAUSSIANTANH     0.354080  0.554080  0.050000  
    11      18           283   LJ12GAUSSIANTANH     0.374979  0.574979  0.050000  
    11      20           284   LJ12GAUSSIANTANH     0.388752  0.588752  0.050000  
    11      22           285   LJ12GAUSSIANTANH     0.373483  0.573483  0.050000  
    11      24           286   LJ12GAUSSIANTANH     0.304865  0.504865  0.050000  
    11      26           287   LJ12GAUSSIANTANH     0.388752  0.588752  0.050000  
    11      28           288   LJ12GAUSSIANTANH     0.332760  0.532760  0.050000  
    11      31           289   LJ12GAUSSIANTANH     0.388752  0.588752  0.050000  
    11      33           290   LJ12GAUSSIANTANH     0.352710  0.552710  0.050000  
    11      35           291   LJ12GAUSSIANTANH     0.391163  0.591163  0.050000  
    11      37           292   LJ12GAUSSIANTANH     0.391163  0.591163  0.050000  
    11      39           293   LJ12GAUSSIANTANH     0.389148  0.589148  0.050000  
    11      41           294   LJ12GAUSSIANTANH     0.342764  0.542764  0.050000  
    11      43           295   LJ12GAUSSIANTANH     0.367827  0.567827  0.050000  
    11      45           296   LJ12GAUSSIANTANH     0.371633  0.571633  0.050000  
    11      47           297   LJ12GAUSSIANTANH     0.335671  0.535671  0.050000  
    11      49           298   LJ12GAUSSIANTANH     0.342764  0.542764  0.050000  
    11      51           299   LJ12GAUSSIANTANH     0.298476  0.498476  0.050000  
    11      53           300   LJ12GAUSSIANTANH     0.304865  0.504865  0.050000  
    11      55           301   LJ12GAUSSIANTANH     0.360716  0.560716  0.050000  
    11      57           302   LJ12GAUSSIANTANH     0.389148  0.589148  0.050000  
    11      59           303   LJ12GAUSSIANTANH     0.354080  0.554080  0.050000  
    11      61           304   LJ12GAUSSIANTANH     0.388752  0.588752  0.050000  
    11      63           305   LJ12GAUSSIANTANH     0.338675  0.538675  0.050000  
    11      65           306   LJ12GAUSSIANTANH     0.304865  0.504865  0.050000  
    12      19           307   LJ12GAUSSIANTANH     0.266000  0.466000  0.050000  
    12      21           308   LJ12GAUSSIANTANH     0.266000  0.466000  0.050000  
    12      23           309   LJ12GAUSSIANTANH     0.266000  0.466000  0.050000  
    12      25           310   LJ12GAUSSIANTANH     0.266000  0.466000  0.050000  
    12      27           311   LJ12GAUSSIANTANH     0.266000  0.466000  0.050000  
    12      29           312   LJ12GAUSSIANTANH     0.266000  0.466000  0.050000  
    12      30           313   LJ12GAUSSIANTANH     0.266000  0.466000  0.050000  
    12      32           314   LJ12GAUSSIANTANH     0.266000  0.466000  0.050000  
    12      34           315   LJ12GAUSSIANTANH     0.266000  0.466000  0.050000  
    12      36           316   LJ12GAUSSIANTANH     0.266000  0.466000  0.050000  
    12      38           317       LJ12GAUSSIAN     0.266000  0.836257  0.050000  
    12      40           318       LJ12GAUSSIAN     0.266000  0.536899  0.050000  
    12      42           319       LJ12GAUSSIAN     0.266000  0.605278  0.050000  
    12      44           320       LJ12GAUSSIAN     0.266000  0.608171  0.050000  
    12      46           321   LJ12GAUSSIANTANH     0.266000  0.466000  0.050000  
    12      48           322   LJ12GAUSSIANTANH     0.266000  0.466000  0.050000  
    12      50           323   LJ12GAUSSIANTANH     0.266000  0.466000  0.050000  
    12      52           324   LJ12GAUSSIANTANH     0.266000  0.466000  0.050000  
    12      54           325   LJ12GAUSSIANTANH     0.266000  0.466000  0.050000  
    12      56           326   LJ12GAUSSIANTANH     0.266000  0.466000  0.050000  
    12      58           327   LJ12GAUSSIANTANH     0.266000  0.466000  0.050000  
    12      60           328   LJ12GAUSSIANTANH     0.266000  0.466000  0.050000  
    12      62           329   LJ12GAUSSIANTANH     0.266000  0.466000  0.050000  
    12      64           330   LJ12GAUSSIANTANH     0.266000  0.466000  0.050000  
    12      66           331   LJ12GAUSSIANTANH     0.266000  0.466000  0.050000  
    13      21           332   LJ12GAUSSIANTANH     0.266000  0.466000  0.050000  
    13      23           333   LJ12GAUSSIANTANH     0.266000  0.466000  0.050000  
    13      25           334   LJ12GAUSSIANTANH     0.266000  0.466000  0.050000  
    13      27           335   LJ12GAUSSIANTANH     0.266000  0.466000  0.050000  
    13      29           336   LJ12GAUSSIANTANH     0.266000  0.466000  0.050000  
    13      30           337   LJ12GAUSSIANTANH     0.266000  0.466000  0.050000  
    13      32           338   LJ12GAUSSIANTANH     0.266000  0.466000  0.050000  
    13      34           339   LJ12GAUSSIANTANH     0.266000  0.466000  0.050000  
    13      36           340   LJ12GAUSSIANTANH     0.266000  0.466000  0.050000  
    13      38           341       LJ12GAUSSIAN     0.266000  0.546063  0.050000  
    13      40           342       LJ12GAUSSIAN     0.266000  0.425749  0.050000  
    13      42           343       LJ12GAUSSIAN     0.266000  0.615426  0.050000  
    13      44           344   LJ12GAUSSIANTANH     0.266000  0.466000  0.050000  
    13      46           345   LJ12GAUSSIANTANH     0.266000  0.466000  0.050000  
    13      48           346   LJ12GAUSSIANTANH     0.266000  0.466000  0.050000  
    13      50           347   LJ12GAUSSIANTANH     0.266000  0.466000  0.050000  
    13      52           348   LJ12GAUSSIANTANH     0.266000  0.466000  0.050000  
    13      54           349   LJ12GAUSSIANTANH     0.266000  0.466000  0.050000  
    13      56           350   LJ12GAUSSIANTANH     0.266000  0.466000  0.050000  
    13      58           351   LJ12GAUSSIANTANH     0.266000  0.466000  0.050000  
    13      60           352   LJ12GAUSSIANTANH     0.266000  0.466000  0.050000  
    13      62           353   LJ12GAUSSIANTANH     0.266000  0.466000  0.050000  
    13      64           354   LJ12GAUSSIANTANH     0.266000  0.466000  0.050000  
    13      66           355   LJ12GAUSSIANTANH     0.266000  0.466000  0.050000  
    14      18           356   LJ12GAUSSIANTANH     0.445204  0.645204  0.050000  
    14      20           357   LJ12GAUSSIANTANH     0.458977  0.658977  0.050000  
    14      22           358   LJ12GAUSSIANTANH     0.443708  0.643708  0.050000  
    14      24           359   LJ12GAUSSIANTANH     0.375090  0.575090  0.050000  
    14      26           360   LJ12GAUSSIANTANH     0.458977  0.658977  0.050000  
    14      28           361   LJ12GAUSSIANTANH     0.402985  0.602985  0.050000  
    14      31           362   LJ12GAUSSIANTANH     0.458977  0.658977  0.050000  
    14      33           363   LJ12GAUSSIANTANH     0.422935  0.622935  0.050000  
    14      35           364   LJ12GAUSSIANTANH     0.461388  0.661388  0.050000  
    14      37           365       LJ12GAUSSIAN     0.461388  0.784526  0.050000  
    14      39           366   LJ12GAUSSIANTANH     0.459373  0.659373  0.050000  
    14      41           367       LJ12GAUSSIAN     0.412989  0.423422  0.050000  
    14      43           368   LJ12GAUSSIANTANH     0.438051  0.638051  0.050000  
    14      45           369   LJ12GAUSSIANTANH     0.441858  0.641858  0.050000  
    14      47           370       LJ12GAUSSIAN     0.405896  0.722389  0.050000  
    14      49           371   LJ12GAUSSIANTANH     0.412989  0.612989  0.050000  
    14      51           372       LJ12GAUSSIAN     0.368700  0.670225  0.050000  
    14      53           373   LJ12GAUSSIANTANH     0.375090  0.575090  0.050000  
    14      55           374       LJ12GAUSSIAN     0.430941  0.573573  0.050000  
    14      57           375   LJ12GAUSSIANTANH     0.459373  0.659373  0.050000  
    14      59           376   LJ12GAUSSIANTANH     0.424304  0.624304  0.050000  
    14      61           377   LJ12GAUSSIANTANH     0.458977  0.658977  0.050000  
    14      63           378       LJ12GAUSSIAN     0.408900  0.423393  0.050000  
    14      65           379   LJ12GAUSSIANTANH     0.375090  0.575090  0.050000  
    15      23           380   LJ12GAUSSIANTANH     0.266000  0.466000  0.050000  
    15      25           381   LJ12GAUSSIANTANH     0.266000  0.466000  0.050000  
    15      27           382   LJ12GAUSSIANTANH     0.266000  0.466000  0.050000  
    15      29           383   LJ12GAUSSIANTANH     0.266000  0.466000  0.050000  
    15      30           384   LJ12GAUSSIANTANH     0.266000  0.466000  0.050000  
    15      32           385   LJ12GAUSSIANTANH     0.266000  0.466000  0.050000  
    15      34           386       LJ12GAUSSIAN     0.266000  0.897542  0.050000  
    15      36           387       LJ12GAUSSIAN     0.266000  0.600808  0.050000  
    15      38           388       LJ12GAUSSIAN     0.266000  0.536904  0.050000  
    15      40           389   LJ12GAUSSIANTANH     0.266000  0.466000  0.050000  
    15      42           390       LJ12GAUSSIAN     0.266000  0.731395  0.050000  
    15      44           391   LJ12GAUSSIANTANH     0.266000  0.466000  0.050000  
    15      46           392   LJ12GAUSSIANTANH     0.266000  0.466000  0.050000  
    15      48           393   LJ12GAUSSIANTANH     0.266000  0.466000  0.050000  
    15      50           394   LJ12GAUSSIANTANH     0.266000  0.466000  0.050000  
    15      52           395   LJ12GAUSSIANTANH     0.266000  0.466000  0.050000  
    15      54           396   LJ12GAUSSIANTANH     0.266000  0.466000  0.050000  
    15      56           397   LJ12GAUSSIANTANH     0.266000  0.466000  0.050000  
    15      58           398   LJ12GAUSSIANTANH     0.266000  0.466000  0.050000  
    15      60           399   LJ12GAUSSIANTANH     0.266000  0.466000  0.050000  
    15      62           400   LJ12GAUSSIANTANH     0.266000  0.466000  0.050000  
    15      64           401   LJ12GAUSSIANTANH     0.266000  0.466000  0.050000  
    15      66           402   LJ12GAUSSIANTANH     0.266000  0.466000  0.050000  
    16      20           403   LJ12GAUSSIANTANH     0.404156  0.604156  0.050000  
    16      22           404   LJ12GAUSSIANTANH     0.388888  0.588888  0.050000  
    16      24           405   LJ12GAUSSIANTANH     0.320269  0.520269  0.050000  
    16      26           406   LJ12GAUSSIANTANH     0.404156  0.604156  0.050000  
    16      28           407   LJ12GAUSSIANTANH     0.348164  0.548164  0.050000  
    16      31           408   LJ12GAUSSIANTANH     0.404156  0.604156  0.050000  
    16      33           409   LJ12GAUSSIANTANH     0.368114  0.568114  0.050000  
    16      35           410   LJ12GAUSSIANTANH     0.406568  0.606568  0.050000  
    16      37           411   LJ12GAUSSIANTANH     0.406568  0.606568  0.050000  
    16      39           412       LJ12GAUSSIAN     0.404552  0.553055  0.050000  
    16      41           413   LJ12GAUSSIANTANH     0.358168  0.558168  0.050000  
    16      43           414       LJ12GAUSSIAN     0.383231  0.476799  0.050000  
    16      45           415   LJ12GAUSSIANTANH     0.387037  0.587037  0.050000  
    16      47           416   LJ12GAUSSIANTANH     0.351076  0.551076  0.050000  
    16      49           417   LJ12GAUSSIANTANH     0.358168  0.558168  0.050000  
    16      51           418   LJ12GAUSSIANTANH     0.313880  0.513880  0.050000  
    16      53           419   LJ12GAUSSIANTANH     0.320269  0.520269  0.050000  
    16      55           420   LJ12GAUSSIANTANH     0.376120  0.576120  0.050000  
    16      57           421   LJ12GAUSSIANTANH     0.404552  0.604552  0.050000  
    16      59           422   LJ12GAUSSIANTANH     0.369484  0.569484  0.050000  
    16      61           423   LJ12GAUSSIANTANH     0.404156  0.604156  0.050000  
    16      63           424   LJ12GAUSSIANTANH     0.354080  0.554080  0.050000  
    16      65           425   LJ12GAUSSIANTANH     0.320269  0.520269  0.050000  
    17      25           426   LJ12GAUSSIANTANH     0.266000  0.466000  0.050000  
    17      27           427   LJ12GAUSSIANTANH     0.266000  0.466000  0.050000  
    17      29           428   LJ12GAUSSIANTANH     0.266000  0.466000  0.050000  
    17      30           429   LJ12GAUSSIANTANH     0.266000  0.466000  0.050000  
    17      32           430   LJ12GAUSSIANTANH     0.266000  0.466000  0.050000  
    17      34           431       LJ12GAUSSIAN     0.266000  0.602559  0.050000  
    17      36           432       LJ12GAUSSIAN     0.266000  0.464753  0.050000  
    17      38           433   LJ12GAUSSIANTANH     0.266000  0.466000  0.050000  
    17      40           434   LJ12GAUSSIANTANH     0.266000  0.466000  0.050000  
    17      42           435   LJ12GAUSSIANTANH     0.266000  0.466000  0.050000  
    17      44           436   LJ12GAUSSIANTANH     0.266000  0.466000  0.050000  
    17      46           437   LJ12GAUSSIANTANH     0.266000  0.466000  0.050000  
    17      48           438   LJ12GAUSSIANTANH     0.266000  0.466000  0.050000  
    17      50           439   LJ12GAUSSIANTANH     0.266000  0.466000  0.050000  
    17      52           440   LJ12GAUSSIANTANH     0.266000  0.466000  0.050000  
    17      54           441   LJ12GAUSSIANTANH     0.266000  0.466000  0.050000  
    17      56           442   LJ12GAUSSIANTANH     0.266000  0.466000  0.050000  
    17      58           443   LJ12GAUSSIANTANH     0.266000  0.466000  0.050000  
    17      60           444   LJ12GAUSSIANTANH     0.266000  0.466000  0.050000  
    17      62           445   LJ12GAUSSIANTANH     0.266000  0.466000  0.050000  
    17      64           446   LJ12GAUSSIANTANH     0.266000  0.466000  0.050000  
    17      66           447   LJ12GAUSSIANTANH     0.266000  0.466000  0.050000  
    18      22           448   LJ12GAUSSIANTANH     0.409787  0.609787  0.050000  
    18      24           449   LJ12GAUSSIANTANH     0.341168  0.541168  0.050000  
    18      26           450   LJ12GAUSSIANTANH     0.425056  0.625056  0.050000  
    18      28           451   LJ12GAUSSIANTANH     0.369063  0.569063  0.050000  
    18      31           452   LJ12GAUSSIANTANH     0.425056  0.625056  0.050000  
    18      33           453       LJ12GAUSSIAN     0.389013  0.502085  0.050000  
    18      35           454   LJ12GAUSSIANTANH     0.427467  0.627467  0.050000  
    18      37           455       LJ12GAUSSIAN     0.427467  0.474562  0.050000  
    18      39           456   LJ12GAUSSIANTANH     0.425452  0.625452  0.050000  
    18      41           457   LJ12GAUSSIANTANH     0.379068  0.579068  0.050000  
    18      43           458   LJ12GAUSSIANTANH     0.404130  0.604130  0.050000  
    18      45           459   LJ12GAUSSIANTANH     0.407936  0.607936  0.050000  
    18      47           460   LJ12GAUSSIANTANH     0.371975  0.571975  0.050000  
    18      49           461   LJ12GAUSSIANTANH     0.379068  0.579068  0.050000  
    18      51           462   LJ12GAUSSIANTANH     0.334779  0.534779  0.050000  
    18      53           463   LJ12GAUSSIANTANH     0.341168  0.541168  0.050000  
    18      55           464   LJ12GAUSSIANTANH     0.397020  0.597020  0.050000  
    18      57           465   LJ12GAUSSIANTANH     0.425452  0.625452  0.050000  
    18      59           466   LJ12GAUSSIANTANH     0.390383  0.590383  0.050000  
    18      61           467   LJ12GAUSSIANTANH     0.425056  0.625056  0.050000  
    18      63           468   LJ12GAUSSIANTANH     0.374979  0.574979  0.050000  
    18      65           469   LJ12GAUSSIANTANH     0.341168  0.541168  0.050000  
    19      27           470   LJ12GAUSSIANTANH     0.266000  0.466000  0.050000  
    19      29           471   LJ12GAUSSIANTANH     0.266000  0.466000  0.050000  
    19      30           472       LJ12GAUSSIAN     0.266000  0.905500  0.050000  
    19      32           473       LJ12GAUSSIAN     0.266000  0.601216  0.050000  
    19      34           474       LJ12GAUSSIAN     0.266000  0.570198  0.050000  
    19      36           475   LJ12GAUSSIANTANH     0.266000  0.466000  0.050000  
    19      38           476       LJ12GAUSSIAN     0.266000  0.674461  0.050000  
    19      40           477   LJ12GAUSSIANTANH     0.266000  0.466000  0.050000  
    19      42           478   LJ12GAUSSIANTANH     0.266000  0.466000  0.050000  
    19      44           479   LJ12GAUSSIANTANH     0.266000  0.466000  0.050000  
    19      46           480   LJ12GAUSSIANTANH     0.266000  0.466000  0.050000  
    19      48           481   LJ12GAUSSIANTANH     0.266000  0.466000  0.050000  
    19      50           482   LJ12GAUSSIANTANH     0.266000  0.466000  0.050000  
    19      52           483   LJ12GAUSSIANTANH     0.266000  0.466000  0.050000  
    19      54           484   LJ12GAUSSIANTANH     0.266000  0.466000  0.050000  
    19      56           485   LJ12GAUSSIANTANH     0.266000  0.466000  0.050000  
    19      58           486   LJ12GAUSSIANTANH     0.266000  0.466000  0.050000  
    19      60           487   LJ12GAUSSIANTANH     0.266000  0.466000  0.050000  
    19      62           488   LJ12GAUSSIANTANH     0.266000  0.466000  0.050000  
    19      64           489   LJ12GAUSSIANTANH     0.266000  0.466000  0.050000  
    19      66           490   LJ12GAUSSIANTANH     0.266000  0.466000  0.050000  
    20      24           491   LJ12GAUSSIANTANH     0.354942  0.554942  0.050000  
    20      26           492   LJ12GAUSSIANTANH     0.438829  0.638829  0.050000  
    20      28           493   LJ12GAUSSIANTANH     0.382837  0.582837  0.050000  
    20      31           494   LJ12GAUSSIANTANH     0.438829  0.638829  0.050000  
    20      33           495   LJ12GAUSSIANTANH     0.402787  0.602787  0.050000  
    20      35           496       LJ12GAUSSIAN     0.441240  0.625258  0.050000  
    20      37           497   LJ12GAUSSIANTANH     0.441240  0.641240  0.050000  
    20      39           498       LJ12GAUSSIAN     0.439225  0.389242  0.050000  
    20      41           499   LJ12GAUSSIANTANH     0.392841  0.592841  0.050000  
    20      43           500       LJ12GAUSSIAN     0.417903  0.786820  0.050000  
    20      45           501   LJ12GAUSSIANTANH     0.421710  0.621710  0.050000  
    20      47           502   LJ12GAUSSIANTANH     0.385748  0.585748  0.050000  
    20      49           503   LJ12GAUSSIANTANH     0.392841  0.592841  0.050000  
    20      51           504   LJ12GAUSSIANTANH     0.348552  0.548552  0.050000  
    20      53           505   LJ12GAUSSIANTANH     0.354942  0.554942  0.050000  
    20      55           506   LJ12GAUSSIANTANH     0.410793  0.610793  0.050000  
    20      57           507   LJ12GAUSSIANTANH     0.439225  0.639225  0.050000  
    20      59           508   LJ12GAUSSIANTANH     0.404156  0.604156  0.050000  
    20      61           509   LJ12GAUSSIANTANH     0.438829  0.638829  0.050000  
    20      63           510   LJ12GAUSSIANTANH     0.388752  0.588752  0.050000  
    20      65           511   LJ12GAUSSIANTANH     0.354942  0.554942  0.050000  
    21      29           512   LJ12GAUSSIANTANH     0.266000  0.466000  0.050000  
    21      30           513       LJ12GAUSSIAN     0.266000  0.627726  0.050000  
    21      32           514       LJ12GAUSSIAN     0.266000  0.482312  0.050000  
    21      34           515   LJ12GAUSSIANTANH     0.266000  0.466000  0.050000  
    21      36           516   LJ12GAUSSIANTANH     0.266000  0.466000  0.050000  
    21      38           517   LJ12GAUSSIANTANH     0.266000  0.466000  0.050000  
    21      40           518   LJ12GAUSSIANTANH     0.266000  0.466000  0.050000  
    21      42           519   LJ12GAUSSIANTANH     0.266000  0.466000  0.050000  
    21      44           520   LJ12GAUSSIANTANH     0.266000  0.466000  0.050000  
    21      46           521   LJ12GAUSSIANTANH     0.266000  0.466000  0.050000  
    21      48           522   LJ12GAUSSIANTANH     0.266000  0.466000  0.050000  
    21      50           523   LJ12GAUSSIANTANH     0.266000  0.466000  0.050000  
    21      52           524   LJ12GAUSSIANTANH     0.266000  0.466000  0.050000  
    21      54           525   LJ12GAUSSIANTANH     0.266000  0.466000  0.050000  
    21      56           526   LJ12GAUSSIANTANH     0.266000  0.466000  0.050000  
    21      58           527   LJ12GAUSSIANTANH     0.266000  0.466000  0.050000  
    21      60           528   LJ12GAUSSIANTANH     0.266000  0.466000  0.050000  
    21      62           529   LJ12GAUSSIANTANH     0.266000  0.466000  0.050000  
    21      64           530   LJ12GAUSSIANTANH     0.266000  0.466000  0.050000  
    21      66           531   LJ12GAUSSIANTANH     0.266000  0.466000  0.050000  
    22      26           532   LJ12GAUSSIANTANH     0.423560  0.623560  0.050000  
    22      28           533   LJ12GAUSSIANTANH     0.367568  0.567568  0.050000  
    22      31           534   LJ12GAUSSIANTANH     0.423560  0.623560  0.050000  
    22      33           535       LJ12GAUSSIAN     0.387518  0.519048  0.050000  
    22      35           536   LJ12GAUSSIANTANH     0.425971  0.625971  0.050000  
    22      37           537   LJ12GAUSSIANTANH     0.425971  0.625971  0.050000  
    22      39           538   LJ12GAUSSIANTANH     0.423956  0.623956  0.050000  
    22      41           539   LJ12GAUSSIANTANH     0.377572  0.577572  0.050000  
    22      43           540   LJ12GAUSSIANTANH     0.402635  0.602635  0.050000  
    22      45           541   LJ12GAUSSIANTANH     0.406441  0.606441  0.050000  
    22      47           542   LJ12GAUSSIANTANH     0.370480  0.570480  0.050000  
    22      49           543   LJ12GAUSSIANTANH     0.377572  0.577572  0.050000  
    22      51           544   LJ12GAUSSIANTANH     0.333284  0.533284  0.050000  
    22      53           545   LJ12GAUSSIANTANH     0.339673  0.539673  0.050000  
    22      55           546   LJ12GAUSSIANTANH     0.395524  0.595524  0.050000  
    22      57           547   LJ12GAUSSIANTANH     0.423956  0.623956  0.050000  
    22      59           548   LJ12GAUSSIANTANH     0.388888  0.588888  0.050000  
    22      61           549   LJ12GAUSSIANTANH     0.423560  0.623560  0.050000  
    22      63           550   LJ12GAUSSIANTANH     0.373483  0.573483  0.050000  
    22      65           551   LJ12GAUSSIANTANH     0.339673  0.539673  0.050000  
    23      30           552       LJ12GAUSSIAN     0.266000  0.536786  0.050000  
    23      32           553   LJ12GAUSSIANTANH     0.266000  0.466000  0.050000  
    23      34           554   LJ12GAUSSIANTANH     0.266000  0.466000  0.050000  
    23      36           555   LJ12GAUSSIANTANH     0.266000  0.466000  0.050000  
    23      38           556   LJ12GAUSSIANTANH     0.266000  0.466000  0.050000  
    23      40           557   LJ12GAUSSIANTANH     0.266000  0.466000  0.050000  
    23      42           558   LJ12GAUSSIANTANH     0.266000  0.466000  0.050000  
    23      44           559   LJ12GAUSSIANTANH     0.266000  0.466000  0.050000  
    23      46           560   LJ12GAUSSIANTANH     0.266000  0.466000  0.050000  
    23      48           561   LJ12GAUSSIANTANH     0.266000  0.466000  0.050000  
    23      50           562   LJ12GAUSSIANTANH     0.266000  0.466000  0.050000  
    23      52           563   LJ12GAUSSIANTANH     0.266000  0.466000  0.050000  
    23      54           564   LJ12GAUSSIANTANH     0.266000  0.466000  0.050000  
    23      56           565   LJ12GAUSSIANTANH     0.266000  0.466000  0.050000  
    23      58           566   LJ12GAUSSIANTANH     0.266000  0.466000  0.050000  
    23      60           567   LJ12GAUSSIANTANH     0.266000  0.466000  0.050000  
    23      62           568   LJ12GAUSSIANTANH     0.266000  0.466000  0.050000  
    23      64           569   LJ12GAUSSIANTANH     0.266000  0.466000  0.050000  
    23      66           570   LJ12GAUSSIANTANH     0.266000  0.466000  0.050000  
    24      28           571   LJ12GAUSSIANTANH     0.298949  0.498949  0.050000  
    24      31           572       LJ12GAUSSIAN     0.354942  0.448778  0.050000  
    24      33           573   LJ12GAUSSIANTANH     0.318899  0.518899  0.050000  
    24      35           574       LJ12GAUSSIAN     0.357353  0.621962  0.050000  
    24      37           575   LJ12GAUSSIANTANH     0.357353  0.557353  0.050000  
    24      39           576   LJ12GAUSSIANTANH     0.355338  0.555338  0.050000  
    24      41           577   LJ12GAUSSIANTANH     0.308953  0.508953  0.050000  
    24      43           578   LJ12GAUSSIANTANH     0.334016  0.534016  0.050000  
    24      45           579   LJ12GAUSSIANTANH     0.337822  0.537822  0.050000  
    24      47           580   LJ12GAUSSIANTANH     0.301861  0.501861  0.050000  
    24      49           581   LJ12GAUSSIANTANH     0.308953  0.508953  0.050000  
    24      51           582   LJ12GAUSSIANTANH     0.264665  0.464665  0.050000  
    24      53           583   LJ12GAUSSIANTANH     0.271054  0.471054  0.050000  
    24      55           584   LJ12GAUSSIANTANH     0.326906  0.526906  0.050000  
    24      57           585       LJ12GAUSSIAN     0.355338  0.682382  0.050000  
    24      59           586   LJ12GAUSSIANTANH     0.320269  0.520269  0.050000  
    24      61           587   LJ12GAUSSIANTANH     0.354942  0.554942  0.050000  
    24      63           588   LJ12GAUSSIANTANH     0.304865  0.504865  0.050000  
    24      65           589   LJ12GAUSSIANTANH     0.271054  0.471054  0.050000  
    25      32           590   LJ12GAUSSIANTANH     0.266000  0.466000  0.050000  
    25      34           591   LJ12GAUSSIANTANH     0.266000  0.466000  0.050000  
    25      36           592   LJ12GAUSSIANTANH     0.266000  0.466000  0.050000  
    25      38           593   LJ12GAUSSIANTANH     0.266000  0.466000  0.050000  
    25      40           594   LJ12GAUSSIANTANH     0.266000  0.466000  0.050000  
    25      42           595   LJ12GAUSSIANTANH     0.266000  0.466000  0.050000  
    25      44           596   LJ12GAUSSIANTANH     0.266000  0.466000  0.050000  
    25      46           597   LJ12GAUSSIANTANH     0.266000  0.466000  0.050000  
    25      48           598   LJ12GAUSSIANTANH     0.266000  0.466000  0.050000  
    25      50           599   LJ12GAUSSIANTANH     0.266000  0.466000  0.050000  
    25      52           600   LJ12GAUSSIANTANH     0.266000  0.466000  0.050000  
    25      54           601   LJ12GAUSSIANTANH     0.266000  0.466000  0.050000  
    25      56           602   LJ12GAUSSIANTANH     0.266000  0.466000  0.050000  
    25      58           603   LJ12GAUSSIANTANH     0.266000  0.466000  0.050000  
    25      60           604   LJ12GAUSSIANTANH     0.266000  0.466000  0.050000  
    25      62           605   LJ12GAUSSIANTANH     0.266000  0.466000  0.050000  
    25      64           606   LJ12GAUSSIANTANH     0.266000  0.466000  0.050000  
    25      66           607   LJ12GAUSSIANTANH     0.266000  0.466000  0.050000  
    26      31           608   LJ12GAUSSIANTANH     0.438829  0.638829  0.050000  
    26      33           609   LJ12GAUSSIANTANH     0.402787  0.602787  0.050000  
    26      35           610   LJ12GAUSSIANTANH     0.441240  0.641240  0.050000  
    26      37           611   LJ12GAUSSIANTANH     0.441240  0.641240  0.050000  
    26      39           612   LJ12GAUSSIANTANH     0.439225  0.639225  0.050000  
    26      41           613   LJ12GAUSSIANTANH     0.392841  0.592841  0.050000  
    26      43           614   LJ12GAUSSIANTANH     0.417903  0.617903  0.050000  
    26      45           615   LJ12GAUSSIANTANH     0.421710  0.621710  0.050000  
    26      47           616   LJ12GAUSSIANTANH     0.385748  0.585748  0.050000  
    26      49           617   LJ12GAUSSIANTANH     0.392841  0.592841  0.050000  
    26      51           618   LJ12GAUSSIANTANH     0.348552  0.548552  0.050000  
    26      53           619   LJ12GAUSSIANTANH     0.354942  0.554942  0.050000  
    26      55           620   LJ12GAUSSIANTANH     0.410793  0.610793  0.050000  
    26      57           621   LJ12GAUSSIANTANH     0.439225  0.639225  0.050000  
    26      59           622   LJ12GAUSSIANTANH     0.404156  0.604156  0.050000  
    26      61           623   LJ12GAUSSIANTANH     0.438829  0.638829  0.050000  
    26      63           624   LJ12GAUSSIANTANH     0.388752  0.588752  0.050000  
    26      65           625   LJ12GAUSSIANTANH     0.354942  0.554942  0.050000  
    27      34           626   LJ12GAUSSIANTANH     0.266000  0.466000  0.050000  
    27      36           627   LJ12GAUSSIANTANH     0.266000  0.466000  0.050000  
    27      38           628   LJ12GAUSSIANTANH     0.266000  0.466000  0.050000  
    27      40           629   LJ12GAUSSIANTANH     0.266000  0.466000  0.050000  
    27      42           630   LJ12GAUSSIANTANH     0.266000  0.466000  0.050000  
    27      44           631   LJ12GAUSSIANTANH     0.266000  0.466000  0.050000  
    27      46           632   LJ12GAUSSIANTANH     0.266000  0.466000  0.050000  
    27      48           633   LJ12GAUSSIANTANH     0.266000  0.466000  0.050000  
    27      50           634   LJ12GAUSSIANTANH     0.266000  0.466000  0.050000  
    27      52           635   LJ12GAUSSIANTANH     0.266000  0.466000  0.050000  
    27      54           636   LJ12GAUSSIANTANH     0.266000  0.466000  0.050000  
    27      56           637   LJ12GAUSSIANTANH     0.266000  0.466000  0.050000  
    27      58           638   LJ12GAUSSIANTANH     0.266000  0.466000  0.050000  
    27      60           639   LJ12GAUSSIANTANH     0.266000  0.466000  0.050000  
    27      62           640   LJ12GAUSSIANTANH     0.266000  0.466000  0.050000  
    27      64           641   LJ12GAUSSIANTANH     0.266000  0.466000  0.050000  
    27      66           642   LJ12GAUSSIANTANH     0.266000  0.466000  0.050000  
    28      31           643   LJ12GAUSSIANTANH     0.382837  0.582837  0.050000  
    28      33           644   LJ12GAUSSIANTANH     0.346794  0.546794  0.050000  
    28      35           645   LJ12GAUSSIANTANH     0.385248  0.585248  0.050000  
    28      37           646   LJ12GAUSSIANTANH     0.385248  0.585248  0.050000  
    28      39           647   LJ12GAUSSIANTANH     0.383233  0.583233  0.050000  
    28      41           648   LJ12GAUSSIANTANH     0.336848  0.536848  0.050000  
    28      43           649   LJ12GAUSSIANTANH     0.361911  0.561911  0.050000  
    28      45           650   LJ12GAUSSIANTANH     0.365717  0.565717  0.050000  
    28      47           651   LJ12GAUSSIANTANH     0.329756  0.529756  0.050000  
    28      49           652   LJ12GAUSSIANTANH     0.336848  0.536848  0.050000  
    28      51           653   LJ12GAUSSIANTANH     0.292560  0.492560  0.050000  
    28      53           654   LJ12GAUSSIANTANH     0.298949  0.498949  0.050000  
    28      55           655   LJ12GAUSSIANTANH     0.354801  0.554801  0.050000  
    28      57           656   LJ12GAUSSIANTANH     0.383233  0.583233  0.050000  
    28      59           657   LJ12GAUSSIANTANH     0.348164  0.548164  0.050000  
    28      61           658   LJ12GAUSSIANTANH     0.382837  0.582837  0.050000  
    28      63           659   LJ12GAUSSIANTANH     0.332760  0.532760  0.050000  
    28      65           660   LJ12GAUSSIANTANH     0.298949  0.498949  0.050000  
    29      36           661   LJ12GAUSSIANTANH     0.266000  0.466000  0.050000  
    29      38           662   LJ12GAUSSIANTANH     0.266000  0.466000  0.050000  
    29      40           663   LJ12GAUSSIANTANH     0.266000  0.466000  0.050000  
    29      42           664   LJ12GAUSSIANTANH     0.266000  0.466000  0.050000  
    29      44           665   LJ12GAUSSIANTANH     0.266000  0.466000  0.050000  
    29      46           666   LJ12GAUSSIANTANH     0.266000  0.466000  0.050000  
    29      48           667   LJ12GAUSSIANTANH     0.266000  0.466000  0.050000  
    29      50           668   LJ12GAUSSIANTANH     0.266000  0.466000  0.050000  
    29      52           669   LJ12GAUSSIANTANH     0.266000  0.466000  0.050000  
    29      54           670   LJ12GAUSSIANTANH     0.266000  0.466000  0.050000  
    29      56           671   LJ12GAUSSIANTANH     0.266000  0.466000  0.050000  
    29      58           672   LJ12GAUSSIANTANH     0.266000  0.466000  0.050000  
    29      60           673   LJ12GAUSSIANTANH     0.266000  0.466000  0.050000  
    29      62           674   LJ12GAUSSIANTANH     0.266000  0.466000  0.050000  
    29      64           675   LJ12GAUSSIANTANH     0.266000  0.466000  0.050000  
    29      66           676   LJ12GAUSSIANTANH     0.266000  0.466000  0.050000  
    30      38           677   LJ12GAUSSIANTANH     0.266000  0.466000  0.050000  
    30      40           678   LJ12GAUSSIANTANH     0.266000  0.466000  0.050000  
    30      42           679   LJ12GAUSSIANTANH     0.266000  0.466000  0.050000  
    30      44           680   LJ12GAUSSIANTANH     0.266000  0.466000  0.050000  
    30      46           681   LJ12GAUSSIANTANH     0.266000  0.466000  0.050000  
    30      48           682   LJ12GAUSSIANTANH     0.266000  0.466000  0.050000  
    30      50           683   LJ12GAUSSIANTANH     0.266000  0.466000  0.050000  
    30      52           684   LJ12GAUSSIANTANH     0.266000  0.466000  0.050000  
    30      54           685   LJ12GAUSSIANTANH     0.266000  0.466000  0.050000  
    30      56           686   LJ12GAUSSIANTANH     0.266000  0.466000  0.050000  
    30      58           687   LJ12GAUSSIANTANH     0.266000  0.466000  0.050000  
    30      60           688   LJ12GAUSSIANTANH     0.266000  0.466000  0.050000  
    30      62           689   LJ12GAUSSIANTANH     0.266000  0.466000  0.050000  
    30      64           690   LJ12GAUSSIANTANH     0.266000  0.466000  0.050000  
    30      66           691   LJ12GAUSSIANTANH     0.266000  0.466000  0.050000  
    31      35           692   LJ12GAUSSIANTANH     0.441240  0.641240  0.050000  
    31      37           693   LJ12GAUSSIANTANH     0.441240  0.641240  0.050000  
    31      39           694   LJ12GAUSSIANTANH     0.439225  0.639225  0.050000  
    31      41           695   LJ12GAUSSIANTANH     0.392841  0.592841  0.050000  
    31      43           696   LJ12GAUSSIANTANH     0.417903  0.617903  0.050000  
    31      45           697   LJ12GAUSSIANTANH     0.421710  0.621710  0.050000  
    31      47           698   LJ12GAUSSIANTANH     0.385748  0.585748  0.050000  
    31      49           699   LJ12GAUSSIANTANH     0.392841  0.592841  0.050000  
    31      51           700   LJ12GAUSSIANTANH     0.348552  0.548552  0.050000  
    31      53           701   LJ12GAUSSIANTANH     0.354942  0.554942  0.050000  
    31      55           702   LJ12GAUSSIANTANH     0.410793  0.610793  0.050000  
    31      57           703       LJ12GAUSSIAN     0.439225  0.528981  0.050000  
    31      59           704   LJ12GAUSSIANTANH     0.404156  0.604156  0.050000  
    31      61           705   LJ12GAUSSIANTANH     0.438829  0.638829  0.050000  
    31      63           706   LJ12GAUSSIANTANH     0.388752  0.588752  0.050000  
    31      65           707   LJ12GAUSSIANTANH     0.354942  0.554942  0.050000  
    32      40           708   LJ12GAUSSIANTANH     0.266000  0.466000  0.050000  
    32      42           709   LJ12GAUSSIANTANH     0.266000  0.466000  0.050000  
    32      44           710   LJ12GAUSSIANTANH     0.266000  0.466000  0.050000  
    32      46           711   LJ12GAUSSIANTANH     0.266000  0.466000  0.050000  
    32      48           712   LJ12GAUSSIANTANH     0.266000  0.466000  0.050000  
    32      50           713   LJ12GAUSSIANTANH     0.266000  0.466000  0.050000  
    32      52           714   LJ12GAUSSIANTANH     0.266000  0.466000  0.050000  
    32      54           715       LJ12GAUSSIAN     0.266000  0.950659  0.050000  
    32      56           716       LJ12GAUSSIAN     0.266000  0.728839  0.050000  
    32      58           717   LJ12GAUSSIANTANH     0.266000  0.466000  0.050000  
    32      60           718   LJ12GAUSSIANTANH     0.266000  0.466000  0.050000  
    32      62           719   LJ12GAUSSIANTANH     0.266000  0.466000  0.050000  
    32      64           720   LJ12GAUSSIANTANH     0.266000  0.466000  0.050000  
    32      66           721   LJ12GAUSSIANTANH     0.266000  0.466000  0.050000  
    33      37           722   LJ12GAUSSIANTANH     0.405198  0.605198  0.050000  
    33      39           723   LJ12GAUSSIANTANH     0.403183  0.603183  0.050000  
    33      41           724   LJ12GAUSSIANTANH     0.356799  0.556799  0.050000  
    33      43           725   LJ12GAUSSIANTANH     0.381861  0.581861  0.050000  
    33      45           726   LJ12GAUSSIANTANH     0.385667  0.585667  0.050000  
    33      47           727   LJ12GAUSSIANTANH     0.349706  0.549706  0.050000  
    33      49           728   LJ12GAUSSIANTANH     0.356799  0.556799  0.050000  
    33      51           729   LJ12GAUSSIANTANH     0.312510  0.512510  0.050000  
    33      53           730   LJ12GAUSSIANTANH     0.318899  0.518899  0.050000  
    33      55           731   LJ12GAUSSIANTANH     0.374751  0.574751  0.050000  
    33      57           732   LJ12GAUSSIANTANH     0.403183  0.603183  0.050000  
    33      59           733   LJ12GAUSSIANTANH     0.368114  0.568114  0.050000  
    33      61           734   LJ12GAUSSIANTANH     0.402787  0.602787  0.050000  
    33      63           735   LJ12GAUSSIANTANH     0.352710  0.552710  0.050000  
    33      65           736   LJ12GAUSSIANTANH     0.318899  0.518899  0.050000  
    34      42           737   LJ12GAUSSIANTANH     0.266000  0.466000  0.050000  
    34      44           738   LJ12GAUSSIANTANH     0.266000  0.466000  0.050000  
    34      46           739   LJ12GAUSSIANTANH     0.266000  0.466000  0.050000  
    34      48           740   LJ12GAUSSIANTANH     0.266000  0.466000  0.050000  
    34      50           741   LJ12GAUSSIANTANH     0.266000  0.466000  0.050000  
    34      52           742   LJ12GAUSSIANTANH     0.266000  0.466000  0.050000  
    34      54           743       LJ12GAUSSIAN     0.266000  0.584831  0.050000  
    34      56           744       LJ12GAUSSIAN     0.266000  0.463505  0.050000  
    34      58           745   LJ12GAUSSIANTANH     0.266000  0.466000  0.050000  
    34      60           746   LJ12GAUSSIANTANH     0.266000  0.466000  0.050000  
    34      62           747   LJ12GAUSSIANTANH     0.266000  0.466000  0.050000  
    34      64           748   LJ12GAUSSIANTANH     0.266000  0.466000  0.050000  
    34      66           749   LJ12GAUSSIANTANH     0.266000  0.466000  0.050000  
    35      39           750   LJ12GAUSSIANTANH     0.441636  0.641636  0.050000  
    35      41           751   LJ12GAUSSIANTANH     0.395252  0.595252  0.050000  
    35      43           752   LJ12GAUSSIANTANH     0.420315  0.620315  0.050000  
    35      45           753   LJ12GAUSSIANTANH     0.424121  0.624121  0.050000  
    35      47           754   LJ12GAUSSIANTANH     0.388160  0.588160  0.050000  
    35      49           755   LJ12GAUSSIANTANH     0.395252  0.595252  0.050000  
    35      51           756   LJ12GAUSSIANTANH     0.350964  0.550964  0.050000  
    35      53           757       LJ12GAUSSIAN     0.357353  0.520554  0.050000  
    35      55           758   LJ12GAUSSIANTANH     0.413204  0.613204  0.050000  
    35      57           759       LJ12GAUSSIAN     0.441636  0.619853  0.050000  
    35      59           760   LJ12GAUSSIANTANH     0.406568  0.606568  0.050000  
    35      61           761   LJ12GAUSSIANTANH     0.441240  0.641240  0.050000  
    35      63           762   LJ12GAUSSIANTANH     0.391163  0.591163  0.050000  
    35      65           763   LJ12GAUSSIANTANH     0.357353  0.557353  0.050000  
    36      44           764   LJ12GAUSSIANTANH     0.266000  0.466000  0.050000  
    36      46           765   LJ12GAUSSIANTANH     0.266000  0.466000  0.050000  
    36      48           766   LJ12GAUSSIANTANH     0.266000  0.466000  0.050000  
    36      50           767       LJ12GAUSSIAN     0.266000  0.851711  0.050000  
    36      52           768       LJ12GAUSSIAN     0.266000  0.555563  0.050000  
    36      54           769       LJ12GAUSSIAN     0.266000  0.527630  0.050000  
    36      56           770       LJ12GAUSSIAN     0.266000  0.615541  0.050000  
    36      58           771       LJ12GAUSSIAN     0.266000  0.774228  0.050000  
    36      60           772   LJ12GAUSSIANTANH     0.266000  0.466000  0.050000  
    36      62           773   LJ12GAUSSIANTANH     0.266000  0.466000  0.050000  
    36      64           774   LJ12GAUSSIANTANH     0.266000  0.466000  0.050000  
    36      66           775   LJ12GAUSSIANTANH     0.266000  0.466000  0.050000  
    37      41           776   LJ12GAUSSIANTANH     0.395252  0.595252  0.050000  
    37      43           777   LJ12GAUSSIANTANH     0.420315  0.620315  0.050000  
    37      45           778   LJ12GAUSSIANTANH     0.424121  0.624121  0.050000  
    37      47           779   LJ12GAUSSIANTANH     0.388160  0.588160  0.050000  
    37      49           780   LJ12GAUSSIANTANH     0.395252  0.595252  0.050000  
    37      51           781   LJ12GAUSSIANTANH     0.350964  0.550964  0.050000  
    37      53           782   LJ12GAUSSIANTANH     0.357353  0.557353  0.050000  
    37      55           783       LJ12GAUSSIAN     0.413204  0.755546  0.050000  
    37      57           784   LJ12GAUSSIANTANH     0.441636  0.641636  0.050000  
    37      59           785   LJ12GAUSSIANTANH     0.406568  0.606568  0.050000  
    37      61           786       LJ12GAUSSIAN     0.441240  0.598699  0.050000  
    37      63           787       LJ12GAUSSIAN     0.391163  0.513468  0.050000  
    37      65           788   LJ12GAUSSIANTANH     0.357353  0.557353  0.050000  
    38      46           789   LJ12GAUSSIANTANH     0.266000  0.466000  0.050000  
    38      48           790   LJ12GAUSSIANTANH     0.266000  0.466000  0.050000  
    38      50           791       LJ12GAUSSIAN     0.266000  0.622397  0.050000  
    38      52           792       LJ12GAUSSIAN     0.266000  0.458207  0.050000  
    38      54           793   LJ12GAUSSIANTANH     0.266000  0.466000  0.050000  
    38      56           794   LJ12GAUSSIANTANH     0.266000  0.466000  0.050000  
    38      58           795   LJ12GAUSSIANTANH     0.266000  0.466000  0.050000  
    38      60           796   LJ12GAUSSIANTANH     0.266000  0.466000  0.050000  
    38      62           797   LJ12GAUSSIANTANH     0.266000  0.466000  0.050000  
    38      64           798   LJ12GAUSSIANTANH     0.266000  0.466000  0.050000  
    38      66           799   LJ12GAUSSIANTANH     0.266000  0.466000  0.050000  
    39      43           800   LJ12GAUSSIANTANH     0.418299  0.618299  0.050000  
    39      45           801   LJ12GAUSSIANTANH     0.422106  0.622106  0.050000  
    39      47           802   LJ12GAUSSIANTANH     0.386144  0.586144  0.050000  
    39      49           803       LJ12GAUSSIAN     0.393237  0.567009  0.050000  
    39      51           804   LJ12GAUSSIANTANH     0.348948  0.548948  0.050000  
    39      53           805       LJ12GAUSSIAN     0.355338  0.632112  0.050000  
    39      55           806   LJ12GAUSSIANTANH     0.411189  0.611189  0.050000  
    39      57           807   LJ12GAUSSIANTANH     0.439621  0.639621  0.050000  
    39      59           808   LJ12GAUSSIANTANH     0.404552  0.604552  0.050000  
    39      61           809   LJ12GAUSSIANTANH     0.439225  0.639225  0.050000  
    39      63           810   LJ12GAUSSIANTANH     0.389148  0.589148  0.050000  
    39      65           811   LJ12GAUSSIANTANH     0.355338  0.555338  0.050000  
    40      48           812       LJ12GAUSSIAN     0.266000  0.510211  0.050000  
    40      50           813       LJ12GAUSSIAN     0.266000  0.574112  0.050000  
    40      52           814       LJ12GAUSSIAN     0.266000  0.648612  0.050000  
    40      54           815   LJ12GAUSSIANTANH     0.266000  0.466000  0.050000  
    40      56           816   LJ12GAUSSIANTANH     0.266000  0.466000  0.050000  
    40      58           817   LJ12GAUSSIANTANH     0.266000  0.466000  0.050000  
    40      60           818   LJ12GAUSSIANTANH     0.266000  0.466000  0.050000  
    40      62           819   LJ12GAUSSIANTANH     0.266000  0.466000  0.050000  
    40      64           820   LJ12GAUSSIANTANH     0.266000  0.466000  0.050000  
    40      66           821   LJ12GAUSSIANTANH     0.266000  0.466000  0.050000  
    41      45           822   LJ12GAUSSIANTANH     0.375721  0.575721  0.050000  
    41      47           823   LJ12GAUSSIANTANH     0.339760  0.539760  0.050000  
    41      49           824       LJ12GAUSSIAN     0.346853  0.736617  0.050000  
    41      51           825       LJ12GAUSSIAN     0.302564  0.598153  0.050000  
    41      53           826   LJ12GAUSSIANTANH     0.308953  0.508953  0.050000  
    41      55           827   LJ12GAUSSIANTANH     0.364805  0.564805  0.050000  
    41      57           828   LJ12GAUSSIANTANH     0.393237  0.593237  0.050000  
    41      59           829   LJ12GAUSSIANTANH     0.358168  0.558168  0.050000  
    41      61           830   LJ12GAUSSIANTANH     0.392841  0.592841  0.050000  
    41      63           831   LJ12GAUSSIANTANH     0.342764  0.542764  0.050000  
    41      65           832   LJ12GAUSSIANTANH     0.308953  0.508953  0.050000  
    42      50           833   LJ12GAUSSIANTANH     0.266000  0.466000  0.050000  
    42      52           834   LJ12GAUSSIANTANH     0.266000  0.466000  0.050000  
    42      54           835   LJ12GAUSSIANTANH     0.266000  0.466000  0.050000  
    42      56           836   LJ12GAUSSIANTANH     0.266000  0.466000  0.050000  
    42      58           837   LJ12GAUSSIANTANH     0.266000  0.466000  0.050000  
    42      60           838   LJ12GAUSSIANTANH     0.266000  0.466000  0.050000  
    42      62           839   LJ12GAUSSIANTANH     0.266000  0.466000  0.050000  
    42      64           840   LJ12GAUSSIANTANH     0.266000  0.466000  0.050000  
    42      66           841   LJ12GAUSSIANTANH     0.266000  0.466000  0.050000  
    43      47           842   LJ12GAUSSIANTANH     0.364823  0.564823  0.050000  
    43      49           843   LJ12GAUSSIANTANH     0.371915  0.571915  0.050000  
    43      51           844   LJ12GAUSSIANTANH     0.327627  0.527627  0.050000  
    43      53           845   LJ12GAUSSIANTANH     0.334016  0.534016  0.050000  
    43      55           846   LJ12GAUSSIANTANH     0.389867  0.589867  0.050000  
    43      57           847   LJ12GAUSSIANTANH     0.418299  0.618299  0.050000  
    43      59           848   LJ12GAUSSIANTANH     0.383231  0.583231  0.050000  
    43      61           849   LJ12GAUSSIANTANH     0.417903  0.617903  0.050000  
    43      63           850   LJ12GAUSSIANTANH     0.367827  0.567827  0.050000  
    43      65           851   LJ12GAUSSIANTANH     0.334016  0.534016  0.050000  
    44      52           852   LJ12GAUSSIANTANH     0.266000  0.466000  0.050000  
    44      54           853   LJ12GAUSSIANTANH     0.266000  0.466000  0.050000  
    44      56           854   LJ12GAUSSIANTANH     0.266000  0.466000  0.050000  
    44      58           855   LJ12GAUSSIANTANH     0.266000  0.466000  0.050000  
    44      60           856   LJ12GAUSSIANTANH     0.266000  0.466000  0.050000  
    44      62           857   LJ12GAUSSIANTANH     0.266000  0.466000  0.050000  
    44      64           858   LJ12GAUSSIANTANH     0.266000  0.466000  0.050000  
    44      66           859   LJ12GAUSSIANTANH     0.266000  0.466000  0.050000  
    45      49           860   LJ12GAUSSIANTANH     0.375721  0.575721  0.050000  
    45      51           861   LJ12GAUSSIANTANH     0.331433  0.531433  0.050000  
    45      53           862   LJ12GAUSSIANTANH     0.337822  0.537822  0.050000  
    45      55           863   LJ12GAUSSIANTANH     0.393674  0.593674  0.050000  
    45      57           864   LJ12GAUSSIANTANH     0.422106  0.622106  0.050000  
    45      59           865   LJ12GAUSSIANTANH     0.387037  0.587037  0.050000  
    45      61           866   LJ12GAUSSIANTANH     0.421710  0.621710  0.050000  
    45      63           867   LJ12GAUSSIANTANH     0.371633  0.571633  0.050000  
    45      65           868   LJ12GAUSSIANTANH     0.337822  0.537822  0.050000  
    46      54           869   LJ12GAUSSIANTANH     0.266000  0.466000  0.050000  
    46      56           870   LJ12GAUSSIANTANH     0.266000  0.466000  0.050000  
    46      58           871   LJ12GAUSSIANTANH     0.266000  0.466000  0.050000  
    46      60           872   LJ12GAUSSIANTANH     0.266000  0.466000  0.050000  
    46      62           873   LJ12GAUSSIANTANH     0.266000  0.466000  0.050000  
    46      64           874   LJ12GAUSSIANTANH     0.266000  0.466000  0.050000  
    46      66           875   LJ12GAUSSIANTANH     0.266000  0.466000  0.050000  
    47      51           876   LJ12GAUSSIANTANH     0.295472  0.495472  0.050000  
    47      53           877   LJ12GAUSSIANTANH     0.301861  0.501861  0.050000  
    47      55           878   LJ12GAUSSIANTANH     0.357712  0.557712  0.050000  
    47      57           879   LJ12GAUSSIANTANH     0.386144  0.586144  0.050000  
    47      59           880   LJ12GAUSSIANTANH     0.351076  0.551076  0.050000  
    47      61           881   LJ12GAUSSIANTANH     0.385748  0.585748  0.050000  
    47      63           882   LJ12GAUSSIANTANH     0.335671  0.535671  0.050000  
    47      65           883   LJ12GAUSSIANTANH     0.301861  0.501861  0.050000  
    48      56           884   LJ12GAUSSIANTANH     0.266000  0.466000  0.050000  
    48      58           885   LJ12GAUSSIANTANH     0.266000  0.466000  0.050000  
    48      60           886   LJ12GAUSSIANTANH     0.266000  0.466000  0.050000  
    48      62           887   LJ12GAUSSIANTANH     0.266000  0.466000  0.050000  
    48      64           888   LJ12GAUSSIANTANH     0.266000  0.466000  0.050000  
    48      66           889   LJ12GAUSSIANTANH     0.266000  0.466000  0.050000  
    49      53           890   LJ12GAUSSIANTANH     0.308953  0.508953  0.050000  
    49      55           891   LJ12GAUSSIANTANH     0.364805  0.564805  0.050000  
    49      57           892   LJ12GAUSSIANTANH     0.393237  0.593237  0.050000  
    49      59           893   LJ12GAUSSIANTANH     0.358168  0.558168  0.050000  
    49      61           894   LJ12GAUSSIANTANH     0.392841  0.592841  0.050000  
    49      63           895   LJ12GAUSSIANTANH     0.342764  0.542764  0.050000  
    49      65           896   LJ12GAUSSIANTANH     0.308953  0.508953  0.050000  
    50      58           897   LJ12GAUSSIANTANH     0.266000  0.466000  0.050000  
    50      60           898   LJ12GAUSSIANTANH     0.266000  0.466000  0.050000  
    50      62           899   LJ12GAUSSIANTANH     0.266000  0.466000  0.050000  
    50      64           900   LJ12GAUSSIANTANH     0.266000  0.466000  0.050000  
    50      66           901   LJ12GAUSSIANTANH     0.266000  0.466000  0.050000  
    51      55           902   LJ12GAUSSIANTANH     0.320516  0.520516  0.050000  
    51      57           903   LJ12GAUSSIANTANH     0.348948  0.548948  0.050000  
    51      59           904   LJ12GAUSSIANTANH     0.313880  0.513880  0.050000  
    51      61           905   LJ12GAUSSIANTANH     0.348552  0.548552  0.050000  
    51      63           906   LJ12GAUSSIANTANH     0.298476  0.498476  0.050000  
    51      65           907   LJ12GAUSSIANTANH     0.264665  0.464665  0.050000  
    52      60           908   LJ12GAUSSIANTANH     0.266000  0.466000  0.050000  
    52      62           909   LJ12GAUSSIANTANH     0.266000  0.466000  0.050000  
    52      64           910   LJ12GAUSSIANTANH     0.266000  0.466000  0.050000  
    52      66           911   LJ12GAUSSIANTANH     0.266000  0.466000  0.050000  
    53      57           912   LJ12GAUSSIANTANH     0.355338  0.555338  0.050000  
    53      59           913   LJ12GAUSSIANTANH     0.320269  0.520269  0.050000  
    53      61           914   LJ12GAUSSIANTANH     0.354942  0.554942  0.050000  
    53      63           915   LJ12GAUSSIANTANH     0.304865  0.504865  0.050000  
    53      65           916   LJ12GAUSSIANTANH     0.271054  0.471054  0.050000  
    54      62           917   LJ12GAUSSIANTANH     0.266000  0.466000  0.050000  
    54      64           918   LJ12GAUSSIANTANH     0.266000  0.466000  0.050000  
    54      66           919   LJ12GAUSSIANTANH     0.266000  0.466000  0.050000  
    55      59           920   LJ12GAUSSIANTANH     0.376120  0.576120  0.050000  
    55      61           921   LJ12GAUSSIANTANH     0.410793  0.610793  0.050000  
    55      63           922       LJ12GAUSSIAN     0.360716  0.487038  0.050000  
    55      65           923   LJ12GAUSSIANTANH     0.326906  0.526906  0.050000  
    56      64           924   LJ12GAUSSIANTANH     0.266000  0.466000  0.050000  
    56      66           925   LJ12GAUSSIANTANH     0.266000  0.466000  0.050000  
    57      61           926   LJ12GAUSSIANTANH     0.439225  0.639225  0.050000  
    57      63           927   LJ12GAUSSIANTANH     0.389148  0.589148  0.050000  
    57      65           928   LJ12GAUSSIANTANH     0.355338  0.555338  0.050000  
    58      66           929   LJ12GAUSSIANTANH     0.266000  0.466000  0.050000  
    59      63           930   LJ12GAUSSIANTANH     0.354080  0.554080  0.050000  
    59      65           931   LJ12GAUSSIANTANH     0.320269  0.520269  0.050000  
    61      65           932   LJ12GAUSSIANTANH     0.354942  0.554942  0.050000  
