0.000000000000000000e+00
2.004830917874396434e-02
4.009661835748792869e-02
6.014492753623189303e-02
8.019323671497585737e-02
1.002415458937198217e-01
1.202898550724637861e-01
1.403381642512077643e-01
1.603864734299517147e-01
1.804347826086956652e-01
2.004830917874396434e-01
2.205314009661836216e-01
2.405797101449275721e-01
2.606280193236715226e-01
2.806763285024155286e-01
3.007246376811594790e-01
3.207729468599034295e-01
3.408212560386473799e-01
3.608695652173913304e-01
3.809178743961353364e-01
4.009661835748792869e-01
4.210144927536232373e-01
4.410628019323672433e-01
4.611111111111111938e-01
4.811594202898551442e-01
5.012077294685991502e-01
5.212560386473430452e-01
5.413043478260870511e-01
5.613526570048310571e-01
5.814009661835749521e-01
6.014492753623189580e-01
6.214975845410628530e-01
6.415458937198068590e-01
6.615942028985508649e-01
6.816425120772947599e-01
7.016908212560387659e-01
7.217391304347826608e-01
7.417874396135266668e-01
7.618357487922706728e-01
7.818840579710145677e-01
8.019323671497585737e-01
8.219806763285025797e-01
8.420289855072464746e-01
8.620772946859904806e-01
8.821256038647344866e-01
9.021739130434783815e-01
9.222222222222223875e-01
9.422705314009662825e-01
9.623188405797102885e-01
9.823671497584542944e-01
1.002415458937198300e+00
1.022463768115942084e+00
1.042512077294686090e+00
1.062560386473430096e+00
1.082608695652174102e+00
1.102657004830918108e+00
1.122705314009662114e+00
1.142753623188405898e+00
1.162801932367149904e+00
1.182850241545893910e+00
1.202898550724637916e+00
1.222946859903381922e+00
1.242995169082125706e+00
1.263043478260869712e+00
1.283091787439613718e+00
1.303140096618357724e+00
1.323188405797101730e+00
1.343236714975845514e+00
1.363285024154589520e+00
1.383333333333333526e+00
1.403381642512077532e+00
1.423429951690821538e+00
1.443478260869565322e+00
1.463526570048309328e+00
1.483574879227053334e+00
1.503623188405797340e+00
1.523671497584541346e+00
1.543719806763285352e+00
1.563768115942029135e+00
1.583816425120773141e+00
1.603864734299517147e+00
1.623913043478261153e+00
1.643961352657005159e+00
1.664009661835748943e+00
1.684057971014492949e+00
1.704106280193236955e+00
1.724154589371980961e+00
1.744202898550724967e+00
1.764251207729468973e+00
1.784299516908212757e+00
1.804347826086956763e+00
1.824396135265700769e+00
1.844444444444444775e+00
1.864492753623188781e+00
1.884541062801932565e+00
1.904589371980676571e+00
1.924637681159420577e+00
1.944685990338164583e+00
1.964734299516908589e+00
1.984782608695652373e+00
2.004830917874396601e+00
2.024879227053140607e+00
2.044927536231884169e+00
2.064975845410628175e+00
2.085024154589372181e+00
2.105072463768116187e+00
2.125120772946860193e+00
2.145169082125604199e+00
2.165217391304348205e+00
2.185265700483092211e+00
2.205314009661836216e+00
2.225362318840580222e+00
2.245410628019324228e+00
2.265458937198067790e+00
2.285507246376811796e+00
2.305555555555555802e+00
2.325603864734299808e+00
2.345652173913043814e+00
2.365700483091787820e+00
2.385748792270531826e+00
2.405797101449275832e+00
2.425845410628019838e+00
2.445893719806763844e+00
2.465942028985507406e+00
2.485990338164251412e+00
2.506038647342995418e+00
2.526086956521739424e+00
2.546135265700483430e+00
2.566183574879227436e+00
2.586231884057971442e+00
2.606280193236715448e+00
2.626328502415459454e+00
2.646376811594203460e+00
2.666425120772947466e+00
2.686473429951691028e+00
2.706521739130435034e+00
2.726570048309179040e+00
2.746618357487923046e+00
2.766666666666667052e+00
2.786714975845411058e+00
2.806763285024155063e+00
2.826811594202899069e+00
2.846859903381643075e+00
2.866908212560387081e+00
2.886956521739130643e+00
2.907004830917874649e+00
2.927053140096618655e+00
2.947101449275362661e+00
2.967149758454106667e+00
2.987198067632850673e+00
3.007246376811594679e+00
3.027294685990338685e+00
3.047342995169082691e+00
3.067391304347826697e+00
3.087439613526570703e+00
3.107487922705314265e+00
3.127536231884058271e+00
3.147584541062802277e+00
3.167632850241546283e+00
3.187681159420290289e+00
3.207729468599034295e+00
3.227777777777778301e+00
3.247826086956522307e+00
3.267874396135266313e+00
3.287922705314010319e+00
3.307971014492754325e+00
3.328019323671497887e+00
3.348067632850241893e+00
3.368115942028985899e+00
3.388164251207729905e+00
3.408212560386473911e+00
3.428260869565217916e+00
3.448309178743961922e+00
3.468357487922705928e+00
3.488405797101449934e+00
3.508454106280193940e+00
3.528502415458937946e+00
3.548550724637681508e+00
3.568599033816425514e+00
3.588647342995169520e+00
3.608695652173913526e+00
3.628743961352657532e+00
3.648792270531401538e+00
3.668840579710145544e+00
3.688888888888889550e+00
3.708937198067633556e+00
3.728985507246377562e+00
3.749033816425121124e+00
3.769082125603865130e+00
3.789130434782609136e+00
3.809178743961353142e+00
3.829227053140097148e+00
3.849275362318841154e+00
3.869323671497585160e+00
3.889371980676329166e+00
3.909420289855073172e+00
3.929468599033817178e+00
3.949516908212561184e+00
3.969565217391304746e+00
3.989613526570048752e+00
4.009661835748793202e+00
4.029710144927537208e+00
4.049758454106281214e+00
4.069806763285024331e+00
4.089855072463768337e+00
4.109903381642512343e+00
4.129951690821256349e+00
4.150000000000000355e+00
