# model parameters
0.001815
-0.014451
-0.100000
-0.029245
0.040359
-0.099725
0.093258
0.000149
0.072548
0.077870
0.024704
0.071957
0.014937
-0.002511
0.003100
-0.048183
-0.000104
-0.006421
-0.015370
-0.052088
-0.100000
-0.011866
-0.023439
0.004533
0.017548
-0.005536
-0.055391
-0.025002
-0.011613
0.300000
1.300000
-0.000020
0.063507
0.018673
-0.055189
-0.092639
-0.052540
0.030021
0.060138
0.071324
0.016680
0.018986
0.049951
-0.010297
-0.025316
-0.026144
0.000495
0.006259
-0.005256
0.016427
-0.006365
-0.052314
-0.023889
-0.001205
0.002103
0.003717
-0.016395
-0.020690
0.014064
-0.049795
0.300000
0.000555
-0.000051
-0.006527
-0.059180
-0.100000
-0.100000
0.004030
-0.033463
0.071891
0.143160
0.008479
0.095428
0.024352
-0.027779
-0.020896
0.010509
0.005369
-0.022266
0.037129
-0.020467
-0.052180
-0.040356
-0.016220
-0.059851
-0.035723
-0.052694
0.300000
-0.092925
-0.096821
0.046837
-0.021649
0.032387
0.042250
0.003139
-0.005758
0.000180
0.016880
0.002197
0.002842
0.006329
-0.009368
0.000203
-0.048178
-0.001203
-0.000017
0.016466
-0.000797
-0.002181
-0.000658
0.015881
0.007043
0.000058
0.017962
0.000509
0.003411
1.300000
0.010602
1.300000
-0.100000
-0.100000
-0.100000
-0.100000
0.273364
-0.100000
-0.020042
0.253761
0.055449
0.037336
0.045545
0.028396
-0.040388
-0.100000
-0.059850
-0.100000
-0.100000
-0.100000
-0.100000
-0.017850
-0.025155
-0.008786
-0.100000
-0.036234
-0.100000
0.300000
-0.089981
0.070096
0.300000
-0.100000
-0.018440
0.006729
0.002541
0.077727
0.000192
0.000363
0.000876
0.000003
0.003903
0.000000
0.000253
-0.005961
-0.045160
0.011979
0.006572
-0.005867
-0.023823
-0.011434
0.002257
0.000001
0.009175
0.000386
0.001040
1.300000
0.300000
1.300000
-0.100000
1.300000
-0.100000
1.300000
0.028220
0.165715
0.144656
0.037515
0.021226
0.049782
0.009397
0.019399
1.300000
-0.100000
-0.100000
-0.100000
-0.100000
-0.100000
-0.014821
-0.100000
-0.012803
-0.100000
-0.008019
-0.100000
1.300000
1.300000
0.300000
-0.100000
0.031832
0.011397
-0.000042
0.000063
0.004093
0.000000
0.002810
-0.000012
-0.000769
-0.007628
-0.001319
0.022098
-0.003898
-0.006317
0.008840
-0.007682
-0.004272
-0.011067
0.000603
-0.015179
-0.024412
-0.036199
-0.063509
0.156106
0.300000
0.300000
0.300000
-0.092519
0.059196
0.098082
-0.002407
0.042310
0.066536
0.050929
0.023967
0.019773
0.008572
-0.100000
-0.008760
-0.100000
-0.100000
-0.100000
-0.100000
-0.056066
-0.073628
-0.026983
-0.100000
-0.096337
-0.100000
1.300000
1.300000
0.300000
0.000190
-0.004187
-0.000011
-0.000000
0.000001
0.000102
0.000114
-0.000009
0.026166
-0.018477
0.021831
0.014465
-0.098438
0.006106
-0.100000
0.079592
-0.056269
-0.022281
0.025874
-0.004373
-0.014377
0.019552
-0.000725
-0.017794
-0.030398
0.157633
0.204201
0.062874
-0.014567
0.185571
0.009937
0.000809
0.019801
-0.003641
0.063361
0.025942
0.019666
-0.005888
0.018478
-0.100000
-0.100000
-0.100000
-0.100000
-0.064015
-0.100000
-0.024175
-0.000721
0.060606
-0.044042
-0.088646
-0.100000
-0.100000
-0.000000
-0.000022
0.000000
0.015088
0.014517
-0.012085
0.041109
0.073600
0.000377
-0.034548
0.714145
0.722063
1.300000
1.300000
-0.100000
-0.011996
-0.046114
-0.032599
0.023236
0.042657
0.039351
0.018156
-0.006372
-0.010509
-0.041643
0.000000
0.000007
-0.000027
0.000945
0.006069
0.007911
-0.000078
-0.008256
-0.100000
1.293168
1.053357
1.300000
-0.028621
-0.013135
-0.007555
-0.003937
0.000222
0.002493
0.005200
-0.011600
0.013682
-0.100000
-0.020519
-0.100000
0.024565
-0.100000
0.289104
0.123245
0.153745
0.066056
0.076405
0.135817
-0.100000
1.275969
-0.100000
1.300000
-0.100000
-0.100000
1.300000
-0.026583
1.300000
-0.100000
1.300000
-0.100000
-0.100000
-0.100000
1.300000
-0.028320
0.000014
0.000136
0.007075
0.056271
0.030610
0.023096
0.700000
1.291836
0.700000
-0.100000
0.700000
-0.000539
-0.000003
-0.009078
-0.008101
-0.043814
-0.010790
0.009675
0.007523
-0.013498
-0.021085
-0.010187
-0.095948
-0.100000
-0.018871
0.245132
0.197294
0.131392
0.300000
-0.062898
-0.100000
-0.100000
0.928579
-0.100000
0.700000
-0.018439
-0.076240
-0.100000
-0.100000
-0.100000
-0.100000
0.089551
-0.019340
-0.077670
-0.075667
-0.023795
0.000295
0.015907
0.020322
0.019147
0.005564
0.934739
1.300000
-0.100000
0.001994
-0.000771
-0.000000
0.008101
-0.003585
-0.012892
-0.000036
0.000154
-0.000293
-0.002464
-0.002815
-0.000849
-0.007981
0.010188
-0.032364
-0.036987
0.107385
0.070749
0.138600
0.700000
-0.100000
0.700000
-0.100000
-0.004497
-0.039062
0.058458
0.032215
0.060928
0.108989
-0.036405
-0.051143
-0.052059
-0.067794
-0.100000
-0.100000
-0.100000
0.052184
-0.014597
0.700000
0.700000
0.700000
-0.100000
1.193769
0.000069
-0.000000
-0.000000
0.000173
-0.002086
0.000008
-0.000001
-0.000000
0.000256
0.035975
0.000003
-0.000000
0.030486
-0.013771
0.011223
-0.100000
-0.100000
0.300000
0.071040
1.300000
0.093726
1.155084
0.003509
1.259013
0.014130
0.046311
-0.100000
-0.009122
-0.100000
-0.047210
-0.072812
-0.060678
-0.100000
-0.100000
0.003821
-0.100000
0.700000
0.700000
-0.100000
-0.023114
-0.001827
0.000011
0.000000
-0.000000
0.000907
0.004709
-0.000031
-0.000000
-0.000000
0.046114
0.027330
0.000114
-0.000011
0.030957
-0.000168
-0.060536
0.300000
0.300000
0.700000
-0.100000
-0.100000
-0.100000
0.068006
0.035654
-0.010602
0.007034
0.041675
0.000380
-0.053851
0.014823
-0.100000
-0.005532
-0.012762
0.031465
-0.026527
1.272565
0.286427
-0.100000
-0.011547
-0.005886
-0.000000
-0.000000
-0.000000
0.000000
0.000054
0.000000
0.000000
0.000757
-0.022164
-0.009268
-0.003986
0.000386
-0.001499
-0.022304
0.300000
1.297837
-0.100000
0.862758
0.007504
-0.088266
-0.000011
-0.005748
-0.000000
-0.005390
0.013887
-0.000092
-0.065136
-0.023206
1.300000
-0.066986
-0.029120
-0.008681
-0.057063
-0.084641
-0.004827
-0.000005
-0.000000
-0.000000
0.000000
0.000000
-0.000000
-0.000000
0.000008
-0.000000
0.000019
0.008564
-0.013071
-0.000000
0.005245
0.018840
0.003211
-0.091461
0.121130
-0.100000
0.003968
-0.043698
-0.002944
0.016441
-0.001116
-0.003480
0.093201
0.023256
-0.003752
-0.039828
-0.100000
-0.084551
-0.097822
0.004382
0.003868
-0.002019
-0.000172
-0.000000
-0.000054
0.000000
0.000038
0.000002
-0.000006
0.000198
-0.000001
0.001177
0.038490
-0.001042
-0.006747
-0.002139
0.004677
-0.033053
-0.100000
0.259884
-0.100000
-0.050300
-0.035625
-0.014692
-0.002538
0.035627
-0.000238
-0.028127
0.001340
0.010589
0.023773
-0.100000
-0.100000
-0.061244
0.033698
0.083369
0.000000
0.000000
0.001650
-0.000000
0.000000
0.000000
-0.000000
-0.001001
-0.000001
0.000000
-0.001270
-0.000290
-0.001752
-0.006500
-0.007723
0.007973
0.000000
0.000000
-0.000000
-0.000000
-0.000000
-0.000005
-0.000000
-0.000002
0.000045
-0.001046
-0.014351
-0.025981
-0.015036
-0.029941
-0.067934
0.101269
0.300000
-0.045969
-0.023676
0.018502
0.010105
-0.007008
0.006294
-0.061270
-0.002310
-0.070439
1.299967
-0.100000
-0.100000
-0.100000
-0.100000
0.000000
-0.000000
0.000011
0.000000
0.008338
0.012869
-0.008233
0.700000
0.745934
-0.100000
-0.100000
-0.028351
-0.100000
-0.100000
-0.100000
-0.007909
-0.002220
0.027264
0.028828
-0.015470
0.003836
0.111677
0.034187
0.084000
-0.100000
-0.100000
-0.100000
-0.100000
-0.100000
0.000000
0.000530
0.018707
0.062024
0.014147
-0.100000
0.700000
1.300000
-0.100000
-0.100000
-0.070818
-0.100000
-0.052256
-0.083027
0.279734
0.300000
0.258955
0.188234
0.118377
0.076031
0.700000
-0.100000
0.700000
-0.100000
-0.100000
0.059287
-0.100000
0.072218
0.110729
0.300000
0.700000
0.700000
0.700000
0.862905
1.300000
-0.100000
0.050633
-0.011478
-0.053752
0.000000
0.139545
0.173094
0.300000
0.300000
0.300000
-0.100000
1.300000
-0.100000
-0.100000
1.300000
1.300000
-0.100000
0.256521
-0.100000
0.700000
0.700000
-0.100000
-0.068109
-0.014760
0.008618
-0.036886
0.109881
0.004905
-0.100000
0.300000
0.300000
0.700000
-0.100000
1.047400
0.001876
0.223125
-0.013961
0.037088
-0.069229
0.148789
0.700000
0.700000
0.700000
-0.062934
-0.007025
-0.000771
-0.006407
-0.027501
-0.032076
-0.024950
-0.100000
-0.100000
0.700000
0.700000
0.300000
-0.100000
-0.050924
0.024045
-0.099792
-0.100000
-0.079550
0.164530
0.280263
0.006997
-0.000004
-0.010320
-0.000350
0.029257
0.000914
0.000023
0.300000
0.300000
0.300000
0.300000
0.087568
0.009612
0.100141
-0.028258
-0.027333
0.072359
0.063296
0.000048
0.000000
0.000001
0.035761
0.010151
0.002606
0.006307
-0.100000
0.300000
0.075373
0.085148
0.015306
0.030317
0.073246
-0.008853
0.075690
-0.001014
-0.000007
-0.000000
0.008706
0.000614
0.009603
0.014159
-0.100000
0.300000
0.300000
0.060439
0.002473
-0.034742
0.000809
-0.024709
-0.000000
0.000009
0.000274
-0.015769
0.009554
0.023597
0.014561
0.300000
-0.100000
0.037462
0.031406
0.086218
0.048031
-0.000044
-0.033651
-0.063813
0.025564
-0.051282
0.300000
-0.096667
0.172161
-0.091958
-0.021068
-0.100000
0.060691
-0.100000
0.094730
0.060365
-0.100000
-0.039950
0.090875
0.300000
0.089943
-0.071721
-0.033666
0.141093
0.300000
-0.100000
1.300000
-0.100000
-0.058335
-0.100000
-0.000438
-0.100000
-0.089521
-0.060800
-0.100000
-0.100000
0.300000
