0.000000000000000000e+00
2.000000000000000042e-02
4.000000000000000083e-02
5.999999999999999778e-02
8.000000000000000167e-02
1.000000000000000056e-01
1.199999999999999956e-01
1.400000000000000133e-01
1.600000000000000033e-01
1.799999999999999933e-01
2.000000000000000111e-01
2.200000000000000011e-01
2.399999999999999911e-01
2.600000000000000089e-01
2.800000000000000266e-01
2.999999999999999889e-01
3.200000000000000067e-01
3.400000000000000244e-01
3.599999999999999867e-01
3.800000000000000044e-01
4.000000000000000222e-01
4.199999999999999845e-01
4.400000000000000022e-01
4.600000000000000200e-01
4.799999999999999822e-01
5.000000000000000000e-01
5.200000000000000178e-01
5.400000000000000355e-01
5.600000000000000533e-01
5.799999999999999600e-01
5.999999999999999778e-01
6.199999999999999956e-01
6.400000000000000133e-01
6.600000000000000311e-01
6.800000000000000488e-01
7.000000000000000666e-01
7.199999999999999734e-01
7.399999999999999911e-01
7.600000000000000089e-01
7.800000000000000266e-01
8.000000000000000444e-01
8.200000000000000622e-01
8.399999999999999689e-01
8.599999999999999867e-01
8.800000000000000044e-01
9.000000000000000222e-01
9.200000000000000400e-01
9.400000000000000577e-01
9.599999999999999645e-01
9.799999999999999822e-01
1.000000000000000000e+00
1.020000000000000018e+00
1.040000000000000036e+00
1.060000000000000053e+00
1.080000000000000071e+00
1.100000000000000089e+00
1.120000000000000107e+00
1.140000000000000124e+00
1.159999999999999920e+00
1.179999999999999938e+00
1.199999999999999956e+00
1.219999999999999973e+00
1.239999999999999991e+00
1.260000000000000009e+00
1.280000000000000027e+00
1.300000000000000044e+00
1.320000000000000062e+00
1.340000000000000080e+00
1.360000000000000098e+00
1.380000000000000115e+00
1.400000000000000133e+00
1.419999999999999929e+00
1.439999999999999947e+00
1.459999999999999964e+00
1.479999999999999982e+00
1.500000000000000000e+00
1.520000000000000018e+00
1.540000000000000036e+00
1.560000000000000053e+00
1.580000000000000071e+00
1.600000000000000089e+00
1.620000000000000107e+00
1.640000000000000124e+00
1.660000000000000142e+00
1.679999999999999938e+00
1.699999999999999956e+00
1.719999999999999973e+00
1.739999999999999991e+00
1.760000000000000009e+00
1.780000000000000027e+00
1.800000000000000044e+00
1.820000000000000062e+00
1.840000000000000080e+00
1.860000000000000098e+00
1.880000000000000115e+00
1.900000000000000133e+00
1.919999999999999929e+00
1.939999999999999947e+00
1.959999999999999964e+00
1.979999999999999982e+00
2.000000000000000000e+00
2.020000000000000018e+00
2.040000000000000036e+00
2.060000000000000053e+00
2.080000000000000071e+00
2.100000000000000089e+00
2.120000000000000107e+00
2.140000000000000124e+00
2.160000000000000142e+00
2.180000000000000160e+00
2.200000000000000178e+00
2.220000000000000195e+00
2.240000000000000213e+00
2.260000000000000231e+00
2.280000000000000249e+00
2.300000000000000266e+00
2.319999999999999840e+00
2.339999999999999858e+00
2.359999999999999876e+00
2.379999999999999893e+00
2.399999999999999911e+00
2.419999999999999929e+00
2.439999999999999947e+00
2.459999999999999964e+00
2.479999999999999982e+00
2.500000000000000000e+00
2.520000000000000018e+00
2.540000000000000036e+00
2.560000000000000053e+00
2.580000000000000071e+00
2.600000000000000089e+00
2.620000000000000107e+00
2.640000000000000124e+00
2.660000000000000142e+00
2.680000000000000160e+00
2.700000000000000178e+00
2.720000000000000195e+00
2.740000000000000213e+00
2.760000000000000231e+00
2.780000000000000249e+00
2.800000000000000266e+00
2.819999999999999840e+00
2.839999999999999858e+00
2.859999999999999876e+00
2.879999999999999893e+00
2.899999999999999911e+00
2.919999999999999929e+00
2.939999999999999947e+00
2.959999999999999964e+00
2.979999999999999982e+00
3.000000000000000000e+00
3.020000000000000018e+00
3.040000000000000036e+00
3.060000000000000053e+00
3.080000000000000071e+00
3.100000000000000089e+00
3.120000000000000107e+00
3.140000000000000124e+00
3.160000000000000142e+00
3.180000000000000160e+00
3.200000000000000178e+00
3.220000000000000195e+00
3.240000000000000213e+00
3.260000000000000231e+00
3.280000000000000249e+00
3.300000000000000266e+00
3.320000000000000284e+00
3.339999999999999858e+00
3.359999999999999876e+00
3.379999999999999893e+00
3.399999999999999911e+00
3.419999999999999929e+00
3.439999999999999947e+00
3.459999999999999964e+00
3.479999999999999982e+00
3.500000000000000000e+00
3.520000000000000018e+00
3.540000000000000036e+00
3.560000000000000053e+00
3.580000000000000071e+00
3.600000000000000089e+00
3.620000000000000107e+00
3.640000000000000124e+00
3.660000000000000142e+00
3.680000000000000160e+00
3.700000000000000178e+00
3.720000000000000195e+00
3.740000000000000213e+00
3.760000000000000231e+00
3.780000000000000249e+00
3.800000000000000266e+00
3.820000000000000284e+00
3.839999999999999858e+00
3.859999999999999876e+00
3.879999999999999893e+00
3.899999999999999911e+00
3.919999999999999929e+00
3.939999999999999947e+00
3.959999999999999964e+00
3.979999999999999982e+00
4.000000000000000000e+00
4.020000000000000462e+00
4.040000000000000036e+00
4.060000000000000497e+00
4.080000000000000071e+00
4.099999999999999645e+00
4.120000000000000107e+00
4.139999999999999680e+00
4.160000000000000142e+00
4.179999999999999716e+00
4.200000000000000178e+00
4.219999999999999751e+00
4.240000000000000213e+00
4.259999999999999787e+00
4.280000000000000249e+00
4.299999999999999822e+00
4.320000000000000284e+00
4.339999999999999858e+00
4.360000000000000320e+00
4.379999999999999893e+00
4.400000000000000355e+00
4.419999999999999929e+00
4.440000000000000391e+00
4.459999999999999964e+00
4.480000000000000426e+00
4.500000000000000000e+00
4.520000000000000462e+00
4.540000000000000036e+00
4.560000000000000497e+00
4.580000000000000071e+00
4.600000000000000533e+00
4.620000000000000107e+00
4.639999999999999680e+00
4.660000000000000142e+00
4.679999999999999716e+00
4.700000000000000178e+00
4.719999999999999751e+00
4.740000000000000213e+00
4.759999999999999787e+00
4.780000000000000249e+00
4.799999999999999822e+00
4.820000000000000284e+00
4.839999999999999858e+00
4.860000000000000320e+00
4.879999999999999893e+00
4.900000000000000355e+00
4.919999999999999929e+00
4.940000000000000391e+00
4.959999999999999964e+00
4.980000000000000426e+00
5.000000000000000000e+00
5.020000000000000462e+00
5.040000000000000036e+00
5.060000000000000497e+00
5.080000000000000071e+00
5.100000000000000533e+00
5.120000000000000107e+00
5.139999999999999680e+00
5.160000000000000142e+00
5.179999999999999716e+00
5.200000000000000178e+00
5.219999999999999751e+00
5.240000000000000213e+00
5.259999999999999787e+00
5.280000000000000249e+00
5.299999999999999822e+00
5.320000000000000284e+00
5.339999999999999858e+00
5.360000000000000320e+00
5.379999999999999893e+00
5.400000000000000355e+00
5.419999999999999929e+00
5.440000000000000391e+00
5.459999999999999964e+00
5.480000000000000426e+00
5.500000000000000000e+00
5.520000000000000462e+00
5.540000000000000036e+00
5.560000000000000497e+00
5.580000000000000071e+00
5.600000000000000533e+00
5.620000000000000107e+00
5.639999999999999680e+00
5.660000000000000142e+00
5.679999999999999716e+00
5.700000000000000178e+00
5.719999999999999751e+00
5.740000000000000213e+00
5.759999999999999787e+00
5.780000000000000249e+00
5.799999999999999822e+00
5.820000000000000284e+00
5.839999999999999858e+00
5.860000000000000320e+00
5.879999999999999893e+00
5.900000000000000355e+00
5.919999999999999929e+00
5.940000000000000391e+00
5.959999999999999964e+00
5.980000000000000426e+00
6.000000000000000000e+00
6.020000000000000462e+00
6.040000000000000036e+00
6.060000000000000497e+00
6.080000000000000071e+00
6.100000000000000533e+00
6.120000000000000107e+00
6.140000000000000568e+00
6.160000000000000142e+00
