# model parameters
0.028230
0.021198
-0.036296
-0.038725
0.300000
0.300000
-0.029928
-0.004429
0.000884
0.000587
-0.000995
-0.002559
0.000237
-0.000289
-0.000114
-0.021923
-0.006164
-0.009230
-0.006923
-0.024508
-0.075268
-0.007579
-0.052911
-0.009726
-0.022348
-0.001789
-0.040986
-0.096955
-0.100000
0.058719
1.300000
-0.000123
-0.006280
-0.008435
-0.020443
-0.035668
-0.003839
-0.001904
-0.001485
-0.001776
-0.001593
0.000774
0.001571
0.004080
0.003024
-0.009514
0.000648
0.001526
-0.006221
-0.005542
-0.028961
-0.000650
-0.011968
-0.001639
-0.000398
-0.002205
-0.012814
-0.004418
-0.084712
-0.100000
0.300000
-0.001471
-0.000075
-0.002662
-0.069351
-0.100000
-0.100000
-0.026125
-0.012290
-0.002335
-0.007203
-0.001348
0.001982
0.004048
0.002099
-0.100000
-0.000335
-0.035092
-0.029498
-0.049222
-0.100000
-0.003248
-0.066355
0.000794
-0.075647
0.003864
-0.077842
0.161240
-0.100000
-0.100000
-0.001993
-0.072710
-0.100000
-0.100000
-0.002365
-0.001092
0.001038
-0.000336
0.000408
0.000969
0.000608
0.000226
0.002069
0.000098
0.001652
-0.000013
-0.001140
-0.001723
-0.014301
-0.000516
-0.007250
-0.002451
-0.000388
0.001054
-0.002468
-0.006184
1.300000
-0.100000
1.300000
-0.100000
-0.100000
-0.100000
-0.100000
0.222678
-0.055050
-0.009370
0.002971
-0.000670
0.003455
0.005708
-0.002313
0.003936
0.300000
-0.005725
-0.100000
-0.100000
-0.100000
-0.100000
-0.003064
-0.076500
-0.001985
-0.100000
-0.000222
-0.056420
0.300000
-0.100000
-0.100000
0.300000
0.081706
-0.008704
0.000969
0.001170
0.000937
0.000045
0.000148
0.000004
0.000085
0.000007
0.001512
0.000075
0.000213
-0.000123
-0.008083
-0.002576
-0.005821
-0.000191
-0.000138
-0.000691
-0.001111
0.000256
-0.000399
0.004572
1.300000
-0.063700
1.300000
-0.100000
1.300000
-0.100000
1.300000
-0.084422
-0.001805
0.006859
-0.005943
0.000347
0.010941
0.004149
0.002959
1.300000
-0.010643
-0.100000
-0.100000
-0.100000
-0.100000
-0.005145
-0.100000
-0.001994
-0.100000
-0.011126
-0.100000
1.300000
1.300000
-0.100000
-0.100000
-0.003168
-0.002030
-0.002437
0.000778
0.000048
0.000004
0.001759
-0.000000
-0.000000
0.000007
-0.000424
-0.000739
-0.001939
-0.004716
-0.006296
-0.015538
0.000255
-0.000787
-0.000517
-0.000682
-0.000008
-0.000703
0.000595
0.300000
0.300000
0.300000
0.300000
-0.100000
-0.014721
-0.043111
-0.001225
0.007012
0.000867
0.005644
0.010299
0.004628
0.002708
-0.100000
0.000345
-0.100000
-0.100000
-0.100000
-0.100000
-0.004738
-0.041631
-0.000365
-0.100000
0.003512
-0.097112
1.300000
1.300000
0.300000
0.000021
0.000001
0.000205
0.001154
-0.000050
0.002371
0.001765
0.000325
0.000328
-0.000034
0.000741
0.000842
-0.023222
-0.028163
-0.085340
-0.006630
0.000799
-0.001584
-0.001284
0.000116
-0.000179
-0.002743
-0.002023
-0.006293
-0.021068
-0.100000
-0.100000
-0.032902
0.001139
-0.008670
-0.005934
0.002708
-0.003830
0.006071
0.005780
0.001088
0.000591
0.007614
-0.008781
-0.100000
-0.100000
-0.100000
-0.100000
-0.006036
-0.044964
-0.001234
-0.012422
0.000611
-0.002399
-0.100000
-0.047742
-0.098661
0.000000
-0.000187
0.001365
-0.000344
0.000205
0.000112
0.000418
-0.000005
0.003575
0.000789
1.300000
1.052854
1.300000
1.300000
-0.013959
-0.002667
-0.008142
-0.000878
-0.001789
0.001272
-0.000753
-0.004843
-0.004507
-0.009015
-0.079049
-0.000000
0.000002
0.000520
0.000342
-0.000451
0.000155
0.000270
0.001247
-0.066405
1.300000
1.300000
1.300000
0.001659
-0.000285
-0.000757
-0.002282
-0.000346
0.000400
-0.000583
-0.001448
-0.000071
0.029012
-0.053261
-0.100000
-0.028859
-0.056803
-0.013753
0.003404
-0.008652
0.012635
0.005598
0.009572
0.027586
1.300000
0.300000
1.300000
0.300000
0.009901
1.300000
0.003703
1.300000
-0.062118
1.300000
-0.044966
-0.100000
-0.100000
1.300000
-0.100000
0.000001
-0.001132
-0.000384
-0.002588
0.000562
-0.000365
1.300000
1.300000
1.201963
-0.100000
1.300000
0.000007
0.000121
-0.001203
-0.002310
-0.000347
0.000647
-0.000029
-0.001469
-0.000385
-0.002546
-0.022356
-0.100000
0.300000
-0.065569
-0.002124
-0.007980
0.003778
0.006493
-0.014450
-0.100000
-0.054667
0.700000
-0.100000
1.300000
0.010580
0.002562
-0.038371
-0.004104
-0.008943
-0.007363
-0.015773
-0.015876
-0.015001
-0.009933
-0.002854
0.000009
0.000857
-0.005741
-0.001387
-0.000696
1.300000
1.300000
0.174099
-0.001751
-0.000636
0.000493
0.000006
-0.000634
-0.000964
-0.000839
-0.000065
0.000316
-0.000643
-0.000281
-0.001061
-0.005233
-0.091289
0.300000
-0.009780
0.020653
-0.005050
-0.000768
1.300000
-0.100000
1.300000
-0.023484
-0.000875
-0.015089
0.002321
-0.002126
-0.003668
-0.002930
-0.008450
-0.004877
-0.028901
-0.047508
0.292442
-0.100000
-0.100000
-0.010911
-0.047296
1.300000
1.271370
1.162033
-0.100000
1.300000
-0.001110
-0.000033
-0.000020
0.000000
-0.000042
-0.000430
-0.000143
0.000082
-0.000132
-0.000520
-0.000455
0.000106
-0.000013
-0.000043
-0.000863
-0.013253
-0.022028
-0.012907
-0.065956
1.300000
-0.051001
0.700000
-0.006130
1.300000
0.002908
0.000413
-0.100000
-0.003328
0.100813
-0.003914
-0.034425
-0.016875
-0.013050
-0.006105
-0.004748
-0.100000
1.300000
1.300000
0.049949
-0.002762
-0.001515
-0.000059
0.000596
-0.000193
0.000293
-0.000000
0.000101
-0.000002
0.000003
-0.000586
-0.000167
-0.001329
-0.000510
0.000456
-0.002011
-0.060409
-0.100000
-0.056451
1.217332
-0.100000
0.003215
-0.014772
-0.002985
-0.002759
0.001979
0.000177
0.002683
0.001263
-0.005766
-0.002449
-0.046344
-0.018269
-0.012245
-0.008529
-0.008498
1.300000
-0.100000
0.300000
-0.002551
-0.001524
-0.000001
-0.000385
0.000001
0.000002
-0.000000
-0.000750
-0.000032
0.000114
-0.002924
-0.003222
0.000589
-0.000409
-0.001611
-0.003393
0.300000
1.300000
-0.100000
1.294740
-0.008689
-0.006389
-0.000001
-0.001168
0.002111
0.002031
-0.002687
-0.000544
-0.007506
-0.010248
1.300000
-0.039359
-0.009016
-0.009875
-0.001744
0.065587
0.005957
0.000134
0.000007
0.000000
0.000047
0.000021
0.000000
-0.000140
0.000003
-0.000007
-0.000000
0.000085
-0.000691
-0.000004
-0.000143
0.002260
-0.001904
-0.009807
0.013706
0.018306
-0.012655
-0.008460
0.000620
-0.000098
0.001535
-0.000371
-0.004464
0.000013
0.041638
-0.007483
-0.100000
-0.014020
-0.015213
-0.003086
-0.005322
-0.002071
-0.000056
0.000033
0.000000
0.000000
0.000073
0.000001
-0.000610
-0.001170
-0.000168
0.000035
-0.001386
0.000520
0.001120
-0.001267
-0.004436
-0.003441
0.300000
-0.069574
-0.100000
-0.052815
-0.002349
-0.000017
0.001674
0.000798
0.000653
-0.003443
-0.000127
-0.003077
-0.004009
0.077849
-0.017561
-0.023664
-0.011844
-0.009546
-0.000000
0.000000
0.000000
-0.000000
0.000012
0.000000
-0.000000
-0.000005
-0.000001
-0.001144
0.001789
0.001196
0.000548
-0.002504
-0.005908
-0.009223
0.000000
0.000000
0.000000
0.000005
0.000000
0.000000
0.000246
-0.000284
-0.000865
-0.001307
-0.002735
-0.009143
-0.025303
-0.024713
-0.024119
0.300000
-0.057178
-0.004986
0.006974
0.007540
0.006464
0.002373
-0.000297
0.000495
-0.012595
-0.021403
1.300000
-0.100000
-0.100000
-0.100000
-0.086089
-0.000000
0.000069
0.000095
0.000337
0.000100
0.001524
-0.003427
1.300000
1.164750
-0.055059
-0.045820
-0.030281
-0.022581
-0.055288
0.300000
0.001158
0.001578
0.004546
0.003281
0.001280
-0.000091
0.001148
-0.004893
-0.012270
0.300000
-0.100000
-0.100000
-0.100000
-0.100000
0.000010
0.000613
0.001976
0.001401
0.000267
0.040501
1.300000
1.300000
-0.100000
-0.059322
-0.019888
-0.007312
-0.027434
-0.095466
0.035799
0.051701
0.024191
0.020356
0.019193
0.010263
1.219139
-0.100000
1.300000
-0.049597
-0.022083
-0.029464
-0.012688
0.005905
0.005886
0.020863
0.712200
1.300000
1.300000
1.259783
1.300000
-0.100000
-0.050389
-0.020595
-0.080042
-0.000000
0.041727
0.038114
0.020208
0.017448
0.011243
-0.100000
1.300000
-0.100000
-0.100000
1.300000
1.300000
-0.100000
0.028960
-0.100000
0.700000
1.300000
-0.100000
-0.004090
-0.000647
-0.007525
-0.016117
-0.008489
-0.064855
-0.100000
0.095537
0.021149
1.300000
0.015921
1.300000
-0.034024
0.023565
0.009977
0.000820
-0.006775
0.006111
1.300000
0.700000
0.700000
-0.008351
-0.001686
-0.000144
-0.002706
-0.024645
-0.015306
-0.069236
0.300000
-0.100000
1.300000
1.300000
0.010508
-0.015259
0.007396
-0.010800
-0.100000
-0.100000
-0.068727
0.064496
0.033649
0.004058
-0.000460
0.000236
0.000003
-0.001261
0.001727
-0.003077
0.140278
-0.100000
0.058691
0.028353
0.015011
0.008991
0.002940
-0.034508
-0.006241
-0.011105
0.012372
0.000323
-0.000019
0.000005
0.000122
0.000542
0.000757
0.000904
-0.100000
0.039409
0.011516
0.009816
0.005720
0.005391
-0.001430
0.003797
0.003604
0.000676
0.001101
0.000032
-0.000301
-0.000200
0.000257
-0.019030
-0.100000
0.118039
0.025409
0.004657
0.001012
-0.014263
-0.004550
-0.038814
0.000000
-0.000003
-0.000498
0.001077
0.003636
0.002319
0.001043
0.008091
0.005073
-0.002853
0.001578
-0.001919
0.005270
-0.000008
0.000044
-0.009858
-0.020034
-0.100000
-0.100000
-0.012877
-0.033222
-0.052083
-0.100000
-0.100000
-0.025172
-0.050008
-0.026511
-0.084991
-0.100000
-0.056427
-0.016883
-0.009136
-0.044550
-0.100000
-0.071434
-0.100000
0.300000
-0.100000
1.300000
-0.100000
-0.048202
-0.100000
-0.001675
-0.100000
-0.100000
-0.100000
-0.100000
-0.100000
-0.100000
