3.166078581772381995e+01
1.753889610841631352e+01
1.653692516948427738e+01
1.554551215738073466e+01
1.504359291421259037e+01
1.488683669076790927e+01
1.457058143618520951e+01
1.432932914304497984e+01
1.381296368244482053e+01
1.378463722892180954e+01
1.376009269122761758e+01
1.373765087289094211e+01
1.371639449067677496e+01
1.369410693096662257e+01
1.367205941216589693e+01
1.365613051043703230e+01
1.364220153180271744e+01
1.362880607122088783e+01
1.361565052089007288e+01
1.359061435546737329e+01
1.357958043154603978e+01
1.356876768960233903e+01
1.356309013640095884e+01
1.355389432086563062e+01
1.354671998880298922e+01
1.354031417310793728e+01
1.353375344035585570e+01
1.352865773552629136e+01
1.352209791098643343e+01
1.352163560608495985e+01
1.351525222302309359e+01
1.350948802825884520e+01
1.350395332523144987e+01
1.350345637270380905e+01
1.349787917629888234e+01
1.348667559782292358e+01
1.348102357449657340e+01
1.347568710950563009e+01
1.347082725437964257e+01
1.345940114627543949e+01
1.345448240467015033e+01
1.344954638473450359e+01
1.344460151723214913e+01
1.343963061087786848e+01
1.341958758851688316e+01
1.339686863565779618e+01
1.339248541311011742e+01
1.338821599902201420e+01
1.338491893396579968e+01
1.338160194747931975e+01
1.336821914008439371e+01
1.335904241796656144e+01
1.335553642600382496e+01
1.335415715834925621e+01
1.335101903595570860e+01
1.334809190774393173e+01
1.334535028081167951e+01
1.334258392783372216e+01
1.333836545976762444e+01
1.333594595769253743e+01
1.332613594555840208e+01
1.330522017905635579e+01
1.330246796887716698e+01
1.329968126494170200e+01
1.329191239773332001e+01
1.328906133611837070e+01
1.328617052057887804e+01
1.327440239539177469e+01
1.326320965923109618e+01
1.325993253332755906e+01
1.325054871402643641e+01
1.324705671173910559e+01
1.324481627663837990e+01
1.324272756420097252e+01
1.323426189116633722e+01
1.323320444416049035e+01
1.323126185904087215e+01
1.322781726218889453e+01
1.322578374983760874e+01
1.321981029692183185e+01
1.321763134920190730e+01
1.320868840485942641e+01
1.319535565503480257e+01
3.166078581772381995e+01
1.319535565503480257e+01
