-2.000000000000000000e+01
-1.989999999999999858e+01
-1.979999999999999716e+01
-1.969999999999999574e+01
-1.959999999999999432e+01
-1.949999999999999289e+01
-1.939999999999999147e+01
-1.929999999999999005e+01
-1.919999999999998863e+01
-1.909999999999998721e+01
-1.899999999999998579e+01
-1.889999999999998437e+01
-1.879999999999998295e+01
-1.869999999999998153e+01
-1.859999999999998010e+01
-1.849999999999997868e+01
-1.839999999999997726e+01
-1.829999999999997584e+01
-1.819999999999997442e+01
-1.809999999999997300e+01
-1.799999999999997158e+01
-1.789999999999997016e+01
-1.779999999999996874e+01
-1.769999999999996732e+01
-1.759999999999996589e+01
-1.749999999999996447e+01
-1.739999999999996305e+01
-1.729999999999996163e+01
-1.719999999999996021e+01
-1.709999999999995879e+01
-1.699999999999995737e+01
-1.689999999999995595e+01
-1.679999999999995453e+01
-1.669999999999995310e+01
-1.659999999999995168e+01
-1.649999999999995026e+01
-1.639999999999994884e+01
-1.629999999999994742e+01
-1.619999999999994600e+01
-1.609999999999994458e+01
-1.599999999999994316e+01
-1.589999999999994174e+01
-1.579999999999994031e+01
-1.569999999999993889e+01
-1.559999999999993747e+01
-1.549999999999993605e+01
-1.539999999999993463e+01
-1.529999999999993321e+01
-1.519999999999993179e+01
-1.509999999999993037e+01
-1.499999999999992895e+01
-1.489999999999992752e+01
-1.479999999999992610e+01
-1.469999999999992468e+01
-1.459999999999992326e+01
-1.449999999999992184e+01
-1.439999999999992042e+01
-1.429999999999991900e+01
-1.419999999999991758e+01
-1.409999999999991616e+01
-1.399999999999991473e+01
-1.389999999999991331e+01
-1.379999999999991189e+01
-1.369999999999991047e+01
-1.359999999999990905e+01
-1.349999999999990763e+01
-1.339999999999990621e+01
-1.329999999999990479e+01
-1.319999999999990337e+01
-1.309999999999990195e+01
-1.299999999999990052e+01
-1.289999999999989910e+01
-1.279999999999989768e+01
-1.269999999999989626e+01
-1.259999999999989484e+01
-1.249999999999989342e+01
-1.239999999999989200e+01
-1.229999999999989058e+01
-1.219999999999988916e+01
-1.209999999999988773e+01
-1.199999999999988631e+01
-1.189999999999988489e+01
-1.179999999999988347e+01
-1.169999999999988205e+01
-1.159999999999988063e+01
-1.149999999999987921e+01
-1.139999999999987779e+01
-1.129999999999987637e+01
-1.119999999999987494e+01
-1.109999999999987352e+01
-1.099999999999987210e+01
-1.089999999999987068e+01
-1.079999999999986926e+01
-1.069999999999986784e+01
-1.059999999999986642e+01
-1.049999999999986500e+01
-1.039999999999986358e+01
-1.029999999999986215e+01
-1.019999999999986073e+01
-1.009999999999985931e+01
-9.999999999999857891e+00
-9.899999999999856470e+00
-9.799999999999855049e+00
-9.699999999999853628e+00
-9.599999999999852207e+00
-9.499999999999850786e+00
-9.399999999999849365e+00
-9.299999999999847944e+00
-9.199999999999846523e+00
-9.099999999999845102e+00
-8.999999999999843681e+00
-8.899999999999842260e+00
-8.799999999999840838e+00
-8.699999999999839417e+00
-8.599999999999837996e+00
-8.499999999999836575e+00
-8.399999999999835154e+00
-8.299999999999833733e+00
-8.199999999999832312e+00
-8.099999999999830891e+00
-7.999999999999829470e+00
-7.899999999999828049e+00
-7.799999999999826628e+00
-7.699999999999825206e+00
-7.599999999999823785e+00
-7.499999999999822364e+00
-7.399999999999820943e+00
-7.299999999999819522e+00
-7.199999999999818101e+00
-7.099999999999816680e+00
-6.999999999999815259e+00
-6.899999999999813838e+00
-6.799999999999812417e+00
-6.699999999999810996e+00
-6.599999999999809575e+00
-6.499999999999808153e+00
-6.399999999999806732e+00
-6.299999999999805311e+00
-6.199999999999803890e+00
-6.099999999999802469e+00
-5.999999999999801048e+00
-5.899999999999799627e+00
-5.799999999999798206e+00
-5.699999999999796785e+00
-5.599999999999795364e+00
-5.499999999999793943e+00
-5.399999999999792522e+00
-5.299999999999791100e+00
-5.199999999999789679e+00
-5.099999999999788258e+00
-4.999999999999786837e+00
-4.899999999999785416e+00
-4.799999999999783995e+00
-4.699999999999782574e+00
-4.599999999999781153e+00
-4.499999999999779732e+00
-4.399999999999778311e+00
-4.299999999999776890e+00
-4.199999999999775468e+00
-4.099999999999774047e+00
-3.999999999999772626e+00
-3.899999999999771205e+00
-3.799999999999769784e+00
-3.699999999999768363e+00
-3.599999999999766942e+00
-3.499999999999765521e+00
-3.399999999999764100e+00
-3.299999999999762679e+00
-3.199999999999761258e+00
-3.099999999999759837e+00
-2.999999999999758415e+00
-2.899999999999756994e+00
-2.799999999999755573e+00
-2.699999999999754152e+00
-2.599999999999752731e+00
-2.499999999999751310e+00
-2.399999999999749889e+00
-2.299999999999748468e+00
-2.199999999999747047e+00
-2.099999999999745626e+00
-1.999999999999744205e+00
-1.899999999999742784e+00
-1.799999999999741362e+00
-1.699999999999739941e+00
-1.599999999999738520e+00
-1.499999999999737099e+00
-1.399999999999735678e+00
-1.299999999999734257e+00
-1.199999999999732836e+00
-1.099999999999731415e+00
-9.999999999997299938e-01
-8.999999999997285727e-01
-7.999999999997271516e-01
-6.999999999997257305e-01
-5.999999999997243094e-01
-4.999999999997228883e-01
-3.999999999997214672e-01
-2.999999999997200462e-01
-1.999999999997186251e-01
-9.999999999971720399e-02
2.842170943040400743e-13
1.000000000002856382e-01
2.000000000002870593e-01
3.000000000002884804e-01
4.000000000002899014e-01
5.000000000002913225e-01
6.000000000002927436e-01
7.000000000002941647e-01
8.000000000002955858e-01
9.000000000002970069e-01
1.000000000000298428e+00
1.100000000000299849e+00
1.200000000000301270e+00
1.300000000000302691e+00
1.400000000000304112e+00
1.500000000000305533e+00
1.600000000000306954e+00
1.700000000000308376e+00
1.800000000000309797e+00
1.900000000000311218e+00
2.000000000000312639e+00
2.100000000000314060e+00
2.200000000000315481e+00
2.300000000000316902e+00
2.400000000000318323e+00
2.500000000000319744e+00
2.600000000000321165e+00
2.700000000000322586e+00
2.800000000000324007e+00
2.900000000000325429e+00
3.000000000000326850e+00
3.100000000000328271e+00
3.200000000000329692e+00
3.300000000000331113e+00
3.400000000000332534e+00
3.500000000000333955e+00
3.600000000000335376e+00
3.700000000000336797e+00
3.800000000000338218e+00
3.900000000000339639e+00
4.000000000000341061e+00
4.100000000000342482e+00
4.200000000000343903e+00
4.300000000000345324e+00
4.400000000000346745e+00
4.500000000000348166e+00
4.600000000000349587e+00
4.700000000000351008e+00
4.800000000000352429e+00
4.900000000000353850e+00
5.000000000000355271e+00
5.100000000000356692e+00
5.200000000000358114e+00
5.300000000000359535e+00
5.400000000000360956e+00
5.500000000000362377e+00
5.600000000000363798e+00
5.700000000000365219e+00
5.800000000000366640e+00
5.900000000000368061e+00
6.000000000000369482e+00
6.100000000000370903e+00
6.200000000000372324e+00
6.300000000000373745e+00
6.400000000000375167e+00
6.500000000000376588e+00
6.600000000000378009e+00
6.700000000000379430e+00
6.800000000000380851e+00
6.900000000000382272e+00
7.000000000000383693e+00
7.100000000000385114e+00
7.200000000000386535e+00
7.300000000000387956e+00
7.400000000000389377e+00
7.500000000000390799e+00
7.600000000000392220e+00
7.700000000000393641e+00
7.800000000000395062e+00
7.900000000000396483e+00
8.000000000000397904e+00
8.100000000000399325e+00
8.200000000000400746e+00
8.300000000000402167e+00
8.400000000000403588e+00
8.500000000000405009e+00
8.600000000000406430e+00
8.700000000000407852e+00
8.800000000000409273e+00
8.900000000000410694e+00
9.000000000000412115e+00
9.100000000000413536e+00
9.200000000000414957e+00
9.300000000000416378e+00
9.400000000000417799e+00
9.500000000000419220e+00
9.600000000000420641e+00
9.700000000000422062e+00
9.800000000000423483e+00
9.900000000000424905e+00
1.000000000000042633e+01
1.010000000000042775e+01
1.020000000000042917e+01
1.030000000000043059e+01
1.040000000000043201e+01
1.050000000000043343e+01
1.060000000000043485e+01
1.070000000000043627e+01
1.080000000000043769e+01
1.090000000000043912e+01
1.100000000000044054e+01
1.110000000000044196e+01
1.120000000000044338e+01
1.130000000000044480e+01
1.140000000000044622e+01
1.150000000000044764e+01
1.160000000000044906e+01
1.170000000000045048e+01
1.180000000000045191e+01
1.190000000000045333e+01
1.200000000000045475e+01
1.210000000000045617e+01
1.220000000000045759e+01
1.230000000000045901e+01
1.240000000000046043e+01
1.250000000000046185e+01
1.260000000000046327e+01
1.270000000000046469e+01
1.280000000000046612e+01
1.290000000000046754e+01
1.300000000000046896e+01
1.310000000000047038e+01
1.320000000000047180e+01
1.330000000000047322e+01
1.340000000000047464e+01
1.350000000000047606e+01
1.360000000000047748e+01
1.370000000000047891e+01
1.380000000000048033e+01
1.390000000000048175e+01
1.400000000000048317e+01
1.410000000000048459e+01
1.420000000000048601e+01
1.430000000000048743e+01
1.440000000000048885e+01
1.450000000000049027e+01
1.460000000000049170e+01
1.470000000000049312e+01
1.480000000000049454e+01
1.490000000000049596e+01
1.500000000000049738e+01
1.510000000000049880e+01
1.520000000000050022e+01
1.530000000000050164e+01
1.540000000000050306e+01
1.550000000000050449e+01
1.560000000000050591e+01
1.570000000000050733e+01
1.580000000000050875e+01
1.590000000000051017e+01
1.600000000000051159e+01
1.610000000000051301e+01
1.620000000000051443e+01
1.630000000000051585e+01
1.640000000000051728e+01
1.650000000000051870e+01
1.660000000000052012e+01
1.670000000000052154e+01
1.680000000000052296e+01
1.690000000000052438e+01
1.700000000000052580e+01
1.710000000000052722e+01
1.720000000000052864e+01
1.730000000000053006e+01
1.740000000000053149e+01
1.750000000000053291e+01
1.760000000000053433e+01
1.770000000000053575e+01
1.780000000000053717e+01
1.790000000000053859e+01
1.800000000000054001e+01
1.810000000000054143e+01
1.820000000000054285e+01
1.830000000000054428e+01
1.840000000000054570e+01
1.850000000000054712e+01
1.860000000000054854e+01
1.870000000000054996e+01
1.880000000000055138e+01
1.890000000000055280e+01
1.900000000000055422e+01
1.910000000000055564e+01
1.920000000000055707e+01
1.930000000000055849e+01
1.940000000000055991e+01
1.950000000000056133e+01
1.960000000000056275e+01
1.970000000000056417e+01
1.980000000000056559e+01
1.990000000000056701e+01
2.000000000000056843e+01
